mpath,seed,step,revision,n_params,n_layers,n_heads,sample,layer,head,ps,ar_acc,ar_mean_rank
EleutherAI/pythia-70m,5,256,step256,70426624,6,8,0,0,0,0.014765131287276745,0.0,27868.640625
EleutherAI/pythia-70m,5,256,step256,70426624,6,8,0,0,1,0.0137825608253479,0.0,27868.640625
EleutherAI/pythia-70m,5,256,step256,70426624,6,8,0,0,2,0.0148862823843956,0.0,27868.640625
EleutherAI/pythia-70m,5,256,step256,70426624,6,8,0,0,3,0.013279019854962826,0.0,27868.640625
EleutherAI/pythia-70m,5,256,step256,70426624,6,8,0,0,4,0.015037895180284977,0.0,27868.640625
EleutherAI/pythia-70m,5,256,step256,70426624,6,8,0,0,5,0.013882695697247982,0.0,27868.640625
EleutherAI/pythia-70m,5,256,step256,70426624,6,8,0,0,6,0.01326644979417324,0.0,27868.640625
EleutherAI/pythia-70m,5,256,step256,70426624,6,8,0,0,7,0.01414775475859642,0.0,27868.640625
EleutherAI/pythia-70m,5,256,step256,70426624,6,8,0,1,0,0.012495171278715134,0.0,27868.640625
EleutherAI/pythia-70m,5,256,step256,70426624,6,8,0,1,1,0.008909796364605427,0.0,27868.640625
EleutherAI/pythia-70m,5,256,step256,70426624,6,8,0,1,2,0.010531953535974026,0.0,27868.640625
EleutherAI/pythia-70m,5,256,step256,70426624,6,8,0,1,3,0.012417874298989773,0.0,27868.640625
EleutherAI/pythia-70m,5,256,step256,70426624,6,8,0,1,4,0.009197166189551353,0.0,27868.640625
EleutherAI/pythia-70m,5,256,step256,70426624,6,8,0,1,5,0.008564578369259834,0.0,27868.640625
EleutherAI/pythia-70m,5,256,step256,70426624,6,8,0,1,6,0.011130890808999538,0.0,27868.640625
EleutherAI/pythia-70m,5,256,step256,70426624,6,8,0,1,7,0.010475462302565575,0.0,27868.640625
EleutherAI/pythia-70m,5,256,step256,70426624,6,8,0,2,0,0.007216718979179859,0.0,27868.640625
EleutherAI/pythia-70m,5,256,step256,70426624,6,8,0,2,1,0.009704863652586937,0.0,27868.640625
EleutherAI/pythia-70m,5,256,step256,70426624,6,8,0,2,2,0.0032495567575097084,0.0,27868.640625
EleutherAI/pythia-70m,5,256,step256,70426624,6,8,0,2,3,0.008469250984489918,0.0,27868.640625
EleutherAI/pythia-70m,5,256,step256,70426624,6,8,0,2,4,0.010265327990055084,0.0,27868.640625
EleutherAI/pythia-70m,5,256,step256,70426624,6,8,0,2,5,0.009346077218651772,0.0,27868.640625
EleutherAI/pythia-70m,5,256,step256,70426624,6,8,0,2,6,0.0035147687885910273,0.0,27868.640625
EleutherAI/pythia-70m,5,256,step256,70426624,6,8,0,2,7,0.006612385623157024,0.0,27868.640625
EleutherAI/pythia-70m,5,256,step256,70426624,6,8,0,3,0,0.0036256832536309958,0.0,27868.640625
EleutherAI/pythia-70m,5,256,step256,70426624,6,8,0,3,1,0.0047610108740627766,0.0,27868.640625
EleutherAI/pythia-70m,5,256,step256,70426624,6,8,0,3,2,0.005385096650570631,0.0,27868.640625
EleutherAI/pythia-70m,5,256,step256,70426624,6,8,0,3,3,0.0025924178771674633,0.0,27868.640625
EleutherAI/pythia-70m,5,256,step256,70426624,6,8,0,3,4,0.0063383253291249275,0.0,27868.640625
EleutherAI/pythia-70m,5,256,step256,70426624,6,8,0,3,5,0.0029703930485993624,0.0,27868.640625
EleutherAI/pythia-70m,5,256,step256,70426624,6,8,0,3,6,0.0033037085086107254,0.0,27868.640625
EleutherAI/pythia-70m,5,256,step256,70426624,6,8,0,3,7,0.00842086412012577,0.0,27868.640625
EleutherAI/pythia-70m,5,256,step256,70426624,6,8,0,4,0,0.0027006769087165594,0.0,27868.640625
EleutherAI/pythia-70m,5,256,step256,70426624,6,8,0,4,1,0.004357924219220877,0.0,27868.640625
EleutherAI/pythia-70m,5,256,step256,70426624,6,8,0,4,2,0.007492150645703077,0.0,27868.640625
EleutherAI/pythia-70m,5,256,step256,70426624,6,8,0,4,3,0.013957440853118896,0.0,27868.640625
EleutherAI/pythia-70m,5,256,step256,70426624,6,8,0,4,4,0.011249219067394733,0.0,27868.640625
EleutherAI/pythia-70m,5,256,step256,70426624,6,8,0,4,5,0.0032685131300240755,0.0,27868.640625
EleutherAI/pythia-70m,5,256,step256,70426624,6,8,0,4,6,0.002950540976598859,0.0,27868.640625
EleutherAI/pythia-70m,5,256,step256,70426624,6,8,0,4,7,0.004863452166318893,0.0,27868.640625
EleutherAI/pythia-70m,5,256,step256,70426624,6,8,0,5,0,0.008623426780104637,0.0,27868.640625
EleutherAI/pythia-70m,5,256,step256,70426624,6,8,0,5,1,0.003908523824065924,0.0,27868.640625
EleutherAI/pythia-70m,5,256,step256,70426624,6,8,0,5,2,0.011659116484224796,0.0,27868.640625
EleutherAI/pythia-70m,5,256,step256,70426624,6,8,0,5,3,0.00191302050370723,0.0,27868.640625
EleutherAI/pythia-70m,5,256,step256,70426624,6,8,0,5,4,0.006870610173791647,0.0,27868.640625
EleutherAI/pythia-70m,5,256,step256,70426624,6,8,0,5,5,0.004934885073453188,0.0,27868.640625
EleutherAI/pythia-70m,5,256,step256,70426624,6,8,0,5,6,0.005923477001488209,0.0,27868.640625
EleutherAI/pythia-70m,5,256,step256,70426624,6,8,0,5,7,0.0031677281949669123,0.0,27868.640625
EleutherAI/pythia-70m,5,256,step256,70426624,6,8,1,0,0,0.013442089781165123,0.0,24648.939453125
EleutherAI/pythia-70m,5,256,step256,70426624,6,8,1,0,1,0.0140242800116539,0.0,24648.939453125
EleutherAI/pythia-70m,5,256,step256,70426624,6,8,1,0,2,0.014571395702660084,0.0,24648.939453125
EleutherAI/pythia-70m,5,256,step256,70426624,6,8,1,0,3,0.014804111793637276,0.0,24648.939453125
EleutherAI/pythia-70m,5,256,step256,70426624,6,8,1,0,4,0.01349023450165987,0.0,24648.939453125
EleutherAI/pythia-70m,5,256,step256,70426624,6,8,1,0,5,0.01294687483459711,0.0,24648.939453125
EleutherAI/pythia-70m,5,256,step256,70426624,6,8,1,0,6,0.013017931953072548,0.0,24648.939453125
EleutherAI/pythia-70m,5,256,step256,70426624,6,8,1,0,7,0.013491297140717506,0.0,24648.939453125
EleutherAI/pythia-70m,5,256,step256,70426624,6,8,1,1,0,0.007081044837832451,0.0,24648.939453125
EleutherAI/pythia-70m,5,256,step256,70426624,6,8,1,1,1,0.010035311803221703,0.0,24648.939453125
EleutherAI/pythia-70m,5,256,step256,70426624,6,8,1,1,2,0.010810021311044693,0.0,24648.939453125
EleutherAI/pythia-70m,5,256,step256,70426624,6,8,1,1,3,0.010926377028226852,0.0,24648.939453125
EleutherAI/pythia-70m,5,256,step256,70426624,6,8,1,1,4,0.010783717967569828,0.0,24648.939453125
EleutherAI/pythia-70m,5,256,step256,70426624,6,8,1,1,5,0.006121850106865168,0.0,24648.939453125
EleutherAI/pythia-70m,5,256,step256,70426624,6,8,1,1,6,0.010450894013047218,0.0,24648.939453125
EleutherAI/pythia-70m,5,256,step256,70426624,6,8,1,1,7,0.010662820190191269,0.0,24648.939453125
EleutherAI/pythia-70m,5,256,step256,70426624,6,8,1,2,0,0.006391764152795076,0.0,24648.939453125
EleutherAI/pythia-70m,5,256,step256,70426624,6,8,1,2,1,0.006671920884400606,0.0,24648.939453125
EleutherAI/pythia-70m,5,256,step256,70426624,6,8,1,2,2,0.0030984587501734495,0.0,24648.939453125
EleutherAI/pythia-70m,5,256,step256,70426624,6,8,1,2,3,0.006991107016801834,0.0,24648.939453125
EleutherAI/pythia-70m,5,256,step256,70426624,6,8,1,2,4,0.010944319888949394,0.0,24648.939453125
EleutherAI/pythia-70m,5,256,step256,70426624,6,8,1,2,5,0.005159324035048485,0.0,24648.939453125
EleutherAI/pythia-70m,5,256,step256,70426624,6,8,1,2,6,0.004846362862735987,0.0,24648.939453125
EleutherAI/pythia-70m,5,256,step256,70426624,6,8,1,2,7,0.006156005430966616,0.0,24648.939453125
EleutherAI/pythia-70m,5,256,step256,70426624,6,8,1,3,0,0.006121418438851833,0.0,24648.939453125
EleutherAI/pythia-70m,5,256,step256,70426624,6,8,1,3,1,0.0035604836884886026,0.0,24648.939453125
EleutherAI/pythia-70m,5,256,step256,70426624,6,8,1,3,2,0.006493853405117989,0.0,24648.939453125
EleutherAI/pythia-70m,5,256,step256,70426624,6,8,1,3,3,0.0037733346689492464,0.0,24648.939453125
EleutherAI/pythia-70m,5,256,step256,70426624,6,8,1,3,4,0.008631094358861446,0.0,24648.939453125
EleutherAI/pythia-70m,5,256,step256,70426624,6,8,1,3,5,0.00614880071952939,0.0,24648.939453125
EleutherAI/pythia-70m,5,256,step256,70426624,6,8,1,3,6,0.002298946026712656,0.0,24648.939453125
EleutherAI/pythia-70m,5,256,step256,70426624,6,8,1,3,7,0.008356287144124508,0.0,24648.939453125
EleutherAI/pythia-70m,5,256,step256,70426624,6,8,1,4,0,0.0032088381703943014,0.0,24648.939453125
EleutherAI/pythia-70m,5,256,step256,70426624,6,8,1,4,1,0.006087305955588818,0.0,24648.939453125
EleutherAI/pythia-70m,5,256,step256,70426624,6,8,1,4,2,0.010683378204703331,0.0,24648.939453125
EleutherAI/pythia-70m,5,256,step256,70426624,6,8,1,4,3,0.014302580617368221,0.0,24648.939453125
EleutherAI/pythia-70m,5,256,step256,70426624,6,8,1,4,4,0.009903136640787125,0.0,24648.939453125
EleutherAI/pythia-70m,5,256,step256,70426624,6,8,1,4,5,0.005972990766167641,0.0,24648.939453125
EleutherAI/pythia-70m,5,256,step256,70426624,6,8,1,4,6,0.0035889402497559786,0.0,24648.939453125
EleutherAI/pythia-70m,5,256,step256,70426624,6,8,1,4,7,0.007158226333558559,0.0,24648.939453125
EleutherAI/pythia-70m,5,256,step256,70426624,6,8,1,5,0,0.007897444069385529,0.0,24648.939453125
EleutherAI/pythia-70m,5,256,step256,70426624,6,8,1,5,1,0.005911813583225012,0.0,24648.939453125
EleutherAI/pythia-70m,5,256,step256,70426624,6,8,1,5,2,0.013440113514661789,0.0,24648.939453125
EleutherAI/pythia-70m,5,256,step256,70426624,6,8,1,5,3,0.004199206829071045,0.0,24648.939453125
EleutherAI/pythia-70m,5,256,step256,70426624,6,8,1,5,4,0.008982586674392223,0.0,24648.939453125
EleutherAI/pythia-70m,5,256,step256,70426624,6,8,1,5,5,0.0062633962370455265,0.0,24648.939453125
EleutherAI/pythia-70m,5,256,step256,70426624,6,8,1,5,6,0.006885522045195103,0.0,24648.939453125
EleutherAI/pythia-70m,5,256,step256,70426624,6,8,1,5,7,0.004456008784472942,0.0,24648.939453125
EleutherAI/pythia-70m,5,256,step256,70426624,6,8,2,0,0,0.014709804207086563,0.0,28154.900390625
EleutherAI/pythia-70m,5,256,step256,70426624,6,8,2,0,1,0.01410153042525053,0.0,28154.900390625
EleutherAI/pythia-70m,5,256,step256,70426624,6,8,2,0,2,0.01390338409692049,0.0,28154.900390625
EleutherAI/pythia-70m,5,256,step256,70426624,6,8,2,0,3,0.01570727303624153,0.0,28154.900390625
EleutherAI/pythia-70m,5,256,step256,70426624,6,8,2,0,4,0.013980389572679996,0.0,28154.900390625
EleutherAI/pythia-70m,5,256,step256,70426624,6,8,2,0,5,0.012611660175025463,0.0,28154.900390625
EleutherAI/pythia-70m,5,256,step256,70426624,6,8,2,0,6,0.013017718680202961,0.0,28154.900390625
EleutherAI/pythia-70m,5,256,step256,70426624,6,8,2,0,7,0.013009159825742245,0.0,28154.900390625
EleutherAI/pythia-70m,5,256,step256,70426624,6,8,2,1,0,0.008644594810903072,0.0,28154.900390625
EleutherAI/pythia-70m,5,256,step256,70426624,6,8,2,1,1,0.010451183654367924,0.0,28154.900390625
EleutherAI/pythia-70m,5,256,step256,70426624,6,8,2,1,2,0.009861821308732033,0.0,28154.900390625
EleutherAI/pythia-70m,5,256,step256,70426624,6,8,2,1,3,0.014721576124429703,0.0,28154.900390625
EleutherAI/pythia-70m,5,256,step256,70426624,6,8,2,1,4,0.010949427261948586,0.0,28154.900390625
EleutherAI/pythia-70m,5,256,step256,70426624,6,8,2,1,5,0.009156011044979095,0.0,28154.900390625
EleutherAI/pythia-70m,5,256,step256,70426624,6,8,2,1,6,0.011565170250833035,0.0,28154.900390625
EleutherAI/pythia-70m,5,256,step256,70426624,6,8,2,1,7,0.009428455494344234,0.0,28154.900390625
EleutherAI/pythia-70m,5,256,step256,70426624,6,8,2,2,0,0.0057746306993067265,0.0,28154.900390625
EleutherAI/pythia-70m,5,256,step256,70426624,6,8,2,2,1,0.006526252254843712,0.0,28154.900390625
EleutherAI/pythia-70m,5,256,step256,70426624,6,8,2,2,2,0.0032168894540518522,0.0,28154.900390625
EleutherAI/pythia-70m,5,256,step256,70426624,6,8,2,2,3,0.006796273402869701,0.0,28154.900390625
EleutherAI/pythia-70m,5,256,step256,70426624,6,8,2,2,4,0.010079371742904186,0.0,28154.900390625
EleutherAI/pythia-70m,5,256,step256,70426624,6,8,2,2,5,0.004672227893024683,0.0,28154.900390625
EleutherAI/pythia-70m,5,256,step256,70426624,6,8,2,2,6,0.008511608466506004,0.0,28154.900390625
EleutherAI/pythia-70m,5,256,step256,70426624,6,8,2,2,7,0.007759483065456152,0.0,28154.900390625
EleutherAI/pythia-70m,5,256,step256,70426624,6,8,2,3,0,0.0044783358462154865,0.0,28154.900390625
EleutherAI/pythia-70m,5,256,step256,70426624,6,8,2,3,1,0.003601774340495467,0.0,28154.900390625
EleutherAI/pythia-70m,5,256,step256,70426624,6,8,2,3,2,0.005458109546452761,0.0,28154.900390625
EleutherAI/pythia-70m,5,256,step256,70426624,6,8,2,3,3,0.0017062937840819359,0.0,28154.900390625
EleutherAI/pythia-70m,5,256,step256,70426624,6,8,2,3,4,0.006433816626667976,0.0,28154.900390625
EleutherAI/pythia-70m,5,256,step256,70426624,6,8,2,3,5,0.00402494054287672,0.0,28154.900390625
EleutherAI/pythia-70m,5,256,step256,70426624,6,8,2,3,6,0.0031248321756720543,0.0,28154.900390625
EleutherAI/pythia-70m,5,256,step256,70426624,6,8,2,3,7,0.00735061289742589,0.0,28154.900390625
EleutherAI/pythia-70m,5,256,step256,70426624,6,8,2,4,0,0.004273605067282915,0.0,28154.900390625
EleutherAI/pythia-70m,5,256,step256,70426624,6,8,2,4,1,0.0053961509838700294,0.0,28154.900390625
EleutherAI/pythia-70m,5,256,step256,70426624,6,8,2,4,2,0.008215224370360374,0.0,28154.900390625
EleutherAI/pythia-70m,5,256,step256,70426624,6,8,2,4,3,0.015616540797054768,0.0,28154.900390625
EleutherAI/pythia-70m,5,256,step256,70426624,6,8,2,4,4,0.012186638079583645,0.0,28154.900390625
EleutherAI/pythia-70m,5,256,step256,70426624,6,8,2,4,5,0.0055021364241838455,0.0,28154.900390625
EleutherAI/pythia-70m,5,256,step256,70426624,6,8,2,4,6,0.0038209145423024893,0.0,28154.900390625
EleutherAI/pythia-70m,5,256,step256,70426624,6,8,2,4,7,0.006326073314994574,0.0,28154.900390625
EleutherAI/pythia-70m,5,256,step256,70426624,6,8,2,5,0,0.01015331782400608,0.0,28154.900390625
EleutherAI/pythia-70m,5,256,step256,70426624,6,8,2,5,1,0.005188626237213612,0.0,28154.900390625
EleutherAI/pythia-70m,5,256,step256,70426624,6,8,2,5,2,0.012840131297707558,0.0,28154.900390625
EleutherAI/pythia-70m,5,256,step256,70426624,6,8,2,5,3,0.0020225977059453726,0.0,28154.900390625
EleutherAI/pythia-70m,5,256,step256,70426624,6,8,2,5,4,0.007568924222141504,0.0,28154.900390625
EleutherAI/pythia-70m,5,256,step256,70426624,6,8,2,5,5,0.008309581317007542,0.0,28154.900390625
EleutherAI/pythia-70m,5,256,step256,70426624,6,8,2,5,6,0.006852016318589449,0.0,28154.900390625
EleutherAI/pythia-70m,5,256,step256,70426624,6,8,2,5,7,0.004493572283536196,0.0,28154.900390625
EleutherAI/pythia-70m,5,256,step256,70426624,6,8,3,0,0,0.013853793032467365,0.0,23753.98046875
EleutherAI/pythia-70m,5,256,step256,70426624,6,8,3,0,1,0.012854956090450287,0.0,23753.98046875
EleutherAI/pythia-70m,5,256,step256,70426624,6,8,3,0,2,0.013844182714819908,0.0,23753.98046875
EleutherAI/pythia-70m,5,256,step256,70426624,6,8,3,0,3,0.012987367808818817,0.0,23753.98046875
EleutherAI/pythia-70m,5,256,step256,70426624,6,8,3,0,4,0.014324426651000977,0.0,23753.98046875
EleutherAI/pythia-70m,5,256,step256,70426624,6,8,3,0,5,0.015780694782733917,0.0,23753.98046875
EleutherAI/pythia-70m,5,256,step256,70426624,6,8,3,0,6,0.015111041255295277,0.0,23753.98046875
EleutherAI/pythia-70m,5,256,step256,70426624,6,8,3,0,7,0.015024392865598202,0.0,23753.98046875
EleutherAI/pythia-70m,5,256,step256,70426624,6,8,3,1,0,0.008947258815169334,0.0,23753.98046875
EleutherAI/pythia-70m,5,256,step256,70426624,6,8,3,1,1,0.010266846045851707,0.0,23753.98046875
EleutherAI/pythia-70m,5,256,step256,70426624,6,8,3,1,2,0.009987342171370983,0.0,23753.98046875
EleutherAI/pythia-70m,5,256,step256,70426624,6,8,3,1,3,0.012389441952109337,0.0,23753.98046875
EleutherAI/pythia-70m,5,256,step256,70426624,6,8,3,1,4,0.009591222740709782,0.0,23753.98046875
EleutherAI/pythia-70m,5,256,step256,70426624,6,8,3,1,5,0.007001436781138182,0.0,23753.98046875
EleutherAI/pythia-70m,5,256,step256,70426624,6,8,3,1,6,0.009420914575457573,0.0,23753.98046875
EleutherAI/pythia-70m,5,256,step256,70426624,6,8,3,1,7,0.01246781088411808,0.0,23753.98046875
EleutherAI/pythia-70m,5,256,step256,70426624,6,8,3,2,0,0.0067927297204732895,0.0,23753.98046875
EleutherAI/pythia-70m,5,256,step256,70426624,6,8,3,2,1,0.004809923470020294,0.0,23753.98046875
EleutherAI/pythia-70m,5,256,step256,70426624,6,8,3,2,2,0.002698121592402458,0.0,23753.98046875
EleutherAI/pythia-70m,5,256,step256,70426624,6,8,3,2,3,0.008242988958954811,0.0,23753.98046875
EleutherAI/pythia-70m,5,256,step256,70426624,6,8,3,2,4,0.019837116822600365,0.0,23753.98046875
EleutherAI/pythia-70m,5,256,step256,70426624,6,8,3,2,5,0.004861532244831324,0.0,23753.98046875
EleutherAI/pythia-70m,5,256,step256,70426624,6,8,3,2,6,0.003913570661097765,0.0,23753.98046875
EleutherAI/pythia-70m,5,256,step256,70426624,6,8,3,2,7,0.006901361979544163,0.0,23753.98046875
EleutherAI/pythia-70m,5,256,step256,70426624,6,8,3,3,0,0.0019690992776304483,0.0,23753.98046875
EleutherAI/pythia-70m,5,256,step256,70426624,6,8,3,3,1,0.002025304129347205,0.0,23753.98046875
EleutherAI/pythia-70m,5,256,step256,70426624,6,8,3,3,2,0.0034575327299535275,0.0,23753.98046875
EleutherAI/pythia-70m,5,256,step256,70426624,6,8,3,3,3,0.0016269461484625936,0.0,23753.98046875
EleutherAI/pythia-70m,5,256,step256,70426624,6,8,3,3,4,0.005892384797334671,0.0,23753.98046875
EleutherAI/pythia-70m,5,256,step256,70426624,6,8,3,3,5,0.0018298635259270668,0.0,23753.98046875
EleutherAI/pythia-70m,5,256,step256,70426624,6,8,3,3,6,0.0014250618405640125,0.0,23753.98046875
EleutherAI/pythia-70m,5,256,step256,70426624,6,8,3,3,7,0.00858648493885994,0.0,23753.98046875
EleutherAI/pythia-70m,5,256,step256,70426624,6,8,3,4,0,0.002901631873100996,0.0,23753.98046875
EleutherAI/pythia-70m,5,256,step256,70426624,6,8,3,4,1,0.0040209065191447735,0.0,23753.98046875
EleutherAI/pythia-70m,5,256,step256,70426624,6,8,3,4,2,0.009394600987434387,0.0,23753.98046875
EleutherAI/pythia-70m,5,256,step256,70426624,6,8,3,4,3,0.015626056119799614,0.0,23753.98046875
EleutherAI/pythia-70m,5,256,step256,70426624,6,8,3,4,4,0.008958475664258003,0.0,23753.98046875
EleutherAI/pythia-70m,5,256,step256,70426624,6,8,3,4,5,0.004102862440049648,0.0,23753.98046875
EleutherAI/pythia-70m,5,256,step256,70426624,6,8,3,4,6,0.00278641888871789,0.0,23753.98046875
EleutherAI/pythia-70m,5,256,step256,70426624,6,8,3,4,7,0.005147824063897133,0.0,23753.98046875
EleutherAI/pythia-70m,5,256,step256,70426624,6,8,3,5,0,0.007340265437960625,0.0,23753.98046875
EleutherAI/pythia-70m,5,256,step256,70426624,6,8,3,5,1,0.009458721615374088,0.0,23753.98046875
EleutherAI/pythia-70m,5,256,step256,70426624,6,8,3,5,2,0.01170746423304081,0.0,23753.98046875
EleutherAI/pythia-70m,5,256,step256,70426624,6,8,3,5,3,0.0022225899156183004,0.0,23753.98046875
EleutherAI/pythia-70m,5,256,step256,70426624,6,8,3,5,4,0.0067919399589300156,0.0,23753.98046875
EleutherAI/pythia-70m,5,256,step256,70426624,6,8,3,5,5,0.004300077445805073,0.0,23753.98046875
EleutherAI/pythia-70m,5,256,step256,70426624,6,8,3,5,6,0.00492376321926713,0.0,23753.98046875
EleutherAI/pythia-70m,5,256,step256,70426624,6,8,3,5,7,0.0039399475790560246,0.0,23753.98046875
EleutherAI/pythia-70m,5,256,step256,70426624,6,8,4,0,0,0.013884677551686764,0.0,24954.19921875
EleutherAI/pythia-70m,5,256,step256,70426624,6,8,4,0,1,0.013736283406615257,0.0,24954.19921875
EleutherAI/pythia-70m,5,256,step256,70426624,6,8,4,0,2,0.01532562356442213,0.0,24954.19921875
EleutherAI/pythia-70m,5,256,step256,70426624,6,8,4,0,3,0.013346871361136436,0.0,24954.19921875
EleutherAI/pythia-70m,5,256,step256,70426624,6,8,4,0,4,0.013044953346252441,0.0,24954.19921875
EleutherAI/pythia-70m,5,256,step256,70426624,6,8,4,0,5,0.013590600341558456,0.0,24954.19921875
EleutherAI/pythia-70m,5,256,step256,70426624,6,8,4,0,6,0.012749292887747288,0.0,24954.19921875
EleutherAI/pythia-70m,5,256,step256,70426624,6,8,4,0,7,0.014589173719286919,0.0,24954.19921875
EleutherAI/pythia-70m,5,256,step256,70426624,6,8,4,1,0,0.0070533109828829765,0.0,24954.19921875
EleutherAI/pythia-70m,5,256,step256,70426624,6,8,4,1,1,0.00962324719876051,0.0,24954.19921875
EleutherAI/pythia-70m,5,256,step256,70426624,6,8,4,1,2,0.01096387580037117,0.0,24954.19921875
EleutherAI/pythia-70m,5,256,step256,70426624,6,8,4,1,3,0.01247777696698904,0.0,24954.19921875
EleutherAI/pythia-70m,5,256,step256,70426624,6,8,4,1,4,0.00978060718625784,0.0,24954.19921875
EleutherAI/pythia-70m,5,256,step256,70426624,6,8,4,1,5,0.008102121762931347,0.0,24954.19921875
EleutherAI/pythia-70m,5,256,step256,70426624,6,8,4,1,6,0.010428501293063164,0.0,24954.19921875
EleutherAI/pythia-70m,5,256,step256,70426624,6,8,4,1,7,0.010581834241747856,0.0,24954.19921875
EleutherAI/pythia-70m,5,256,step256,70426624,6,8,4,2,0,0.006565292365849018,0.0,24954.19921875
EleutherAI/pythia-70m,5,256,step256,70426624,6,8,4,2,1,0.008918690495193005,0.0,24954.19921875
EleutherAI/pythia-70m,5,256,step256,70426624,6,8,4,2,2,0.006412205286324024,0.0,24954.19921875
EleutherAI/pythia-70m,5,256,step256,70426624,6,8,4,2,3,0.007881632074713707,0.0,24954.19921875
EleutherAI/pythia-70m,5,256,step256,70426624,6,8,4,2,4,0.008449126966297626,0.0,24954.19921875
EleutherAI/pythia-70m,5,256,step256,70426624,6,8,4,2,5,0.007027363404631615,0.0,24954.19921875
EleutherAI/pythia-70m,5,256,step256,70426624,6,8,4,2,6,0.004632079973816872,0.0,24954.19921875
EleutherAI/pythia-70m,5,256,step256,70426624,6,8,4,2,7,0.007500451058149338,0.0,24954.19921875
EleutherAI/pythia-70m,5,256,step256,70426624,6,8,4,3,0,0.004012810532003641,0.0,24954.19921875
EleutherAI/pythia-70m,5,256,step256,70426624,6,8,4,3,1,0.003893408225849271,0.0,24954.19921875
EleutherAI/pythia-70m,5,256,step256,70426624,6,8,4,3,2,0.004468932282179594,0.0,24954.19921875
EleutherAI/pythia-70m,5,256,step256,70426624,6,8,4,3,3,0.0021303463727235794,0.0,24954.19921875
EleutherAI/pythia-70m,5,256,step256,70426624,6,8,4,3,4,0.0076637864112854,0.0,24954.19921875
EleutherAI/pythia-70m,5,256,step256,70426624,6,8,4,3,5,0.003231767099350691,0.0,24954.19921875
EleutherAI/pythia-70m,5,256,step256,70426624,6,8,4,3,6,0.0026566102169454098,0.0,24954.19921875
EleutherAI/pythia-70m,5,256,step256,70426624,6,8,4,3,7,0.013231178745627403,0.0,24954.19921875
EleutherAI/pythia-70m,5,256,step256,70426624,6,8,4,4,0,0.0037818378768861294,0.0,24954.19921875
EleutherAI/pythia-70m,5,256,step256,70426624,6,8,4,4,1,0.007086983881890774,0.0,24954.19921875
EleutherAI/pythia-70m,5,256,step256,70426624,6,8,4,4,2,0.010212073102593422,0.0,24954.19921875
EleutherAI/pythia-70m,5,256,step256,70426624,6,8,4,4,3,0.015773804858326912,0.0,24954.19921875
EleutherAI/pythia-70m,5,256,step256,70426624,6,8,4,4,4,0.011662056669592857,0.0,24954.19921875
EleutherAI/pythia-70m,5,256,step256,70426624,6,8,4,4,5,0.004485191777348518,0.0,24954.19921875
EleutherAI/pythia-70m,5,256,step256,70426624,6,8,4,4,6,0.005224909167736769,0.0,24954.19921875
EleutherAI/pythia-70m,5,256,step256,70426624,6,8,4,4,7,0.0061062718741595745,0.0,24954.19921875
EleutherAI/pythia-70m,5,256,step256,70426624,6,8,4,5,0,0.0089149484410882,0.0,24954.19921875
EleutherAI/pythia-70m,5,256,step256,70426624,6,8,4,5,1,0.007541920989751816,0.0,24954.19921875
EleutherAI/pythia-70m,5,256,step256,70426624,6,8,4,5,2,0.01091336365789175,0.0,24954.19921875
EleutherAI/pythia-70m,5,256,step256,70426624,6,8,4,5,3,0.003328457474708557,0.0,24954.19921875
EleutherAI/pythia-70m,5,256,step256,70426624,6,8,4,5,4,0.00838030967861414,0.0,24954.19921875
EleutherAI/pythia-70m,5,256,step256,70426624,6,8,4,5,5,0.00805941503494978,0.0,24954.19921875
EleutherAI/pythia-70m,5,256,step256,70426624,6,8,4,5,6,0.01004016399383545,0.0,24954.19921875
EleutherAI/pythia-70m,5,256,step256,70426624,6,8,4,5,7,0.0049721794202923775,0.0,24954.19921875
EleutherAI/pythia-70m,5,256,step256,70426624,6,8,5,0,0,0.01241372898221016,0.0,24828.98046875
EleutherAI/pythia-70m,5,256,step256,70426624,6,8,5,0,1,0.014858674257993698,0.0,24828.98046875
EleutherAI/pythia-70m,5,256,step256,70426624,6,8,5,0,2,0.013132722117006779,0.0,24828.98046875
EleutherAI/pythia-70m,5,256,step256,70426624,6,8,5,0,3,0.014473850838840008,0.0,24828.98046875
EleutherAI/pythia-70m,5,256,step256,70426624,6,8,5,0,4,0.013067084364593029,0.0,24828.98046875
EleutherAI/pythia-70m,5,256,step256,70426624,6,8,5,0,5,0.012985091656446457,0.0,24828.98046875
EleutherAI/pythia-70m,5,256,step256,70426624,6,8,5,0,6,0.012743680737912655,0.0,24828.98046875
EleutherAI/pythia-70m,5,256,step256,70426624,6,8,5,0,7,0.013512776233255863,0.0,24828.98046875
EleutherAI/pythia-70m,5,256,step256,70426624,6,8,5,1,0,0.005620671436190605,0.0,24828.98046875
EleutherAI/pythia-70m,5,256,step256,70426624,6,8,5,1,1,0.009831763803958893,0.0,24828.98046875
EleutherAI/pythia-70m,5,256,step256,70426624,6,8,5,1,2,0.011208275333046913,0.0,24828.98046875
EleutherAI/pythia-70m,5,256,step256,70426624,6,8,5,1,3,0.012272438034415245,0.0,24828.98046875
EleutherAI/pythia-70m,5,256,step256,70426624,6,8,5,1,4,0.007311138324439526,0.0,24828.98046875
EleutherAI/pythia-70m,5,256,step256,70426624,6,8,5,1,5,0.008247826248407364,0.0,24828.98046875
EleutherAI/pythia-70m,5,256,step256,70426624,6,8,5,1,6,0.008323202840983868,0.0,24828.98046875
EleutherAI/pythia-70m,5,256,step256,70426624,6,8,5,1,7,0.01168077066540718,0.0,24828.98046875
EleutherAI/pythia-70m,5,256,step256,70426624,6,8,5,2,0,0.0048820278607308865,0.0,24828.98046875
EleutherAI/pythia-70m,5,256,step256,70426624,6,8,5,2,1,0.004460548982024193,0.0,24828.98046875
EleutherAI/pythia-70m,5,256,step256,70426624,6,8,5,2,2,0.003734278492629528,0.0,24828.98046875
EleutherAI/pythia-70m,5,256,step256,70426624,6,8,5,2,3,0.006573451217263937,0.0,24828.98046875
EleutherAI/pythia-70m,5,256,step256,70426624,6,8,5,2,4,0.006712899077683687,0.0,24828.98046875
EleutherAI/pythia-70m,5,256,step256,70426624,6,8,5,2,5,0.0051053487695753574,0.0,24828.98046875
EleutherAI/pythia-70m,5,256,step256,70426624,6,8,5,2,6,0.003620605682954192,0.0,24828.98046875
EleutherAI/pythia-70m,5,256,step256,70426624,6,8,5,2,7,0.006578014697879553,0.0,24828.98046875
EleutherAI/pythia-70m,5,256,step256,70426624,6,8,5,3,0,0.0033452350180596113,0.0,24828.98046875
EleutherAI/pythia-70m,5,256,step256,70426624,6,8,5,3,1,0.00481373630464077,0.0,24828.98046875
EleutherAI/pythia-70m,5,256,step256,70426624,6,8,5,3,2,0.0027856978122144938,0.0,24828.98046875
EleutherAI/pythia-70m,5,256,step256,70426624,6,8,5,3,3,0.002182701602578163,0.0,24828.98046875
EleutherAI/pythia-70m,5,256,step256,70426624,6,8,5,3,4,0.01158836018294096,0.0,24828.98046875
EleutherAI/pythia-70m,5,256,step256,70426624,6,8,5,3,5,0.0027538484428077936,0.0,24828.98046875
EleutherAI/pythia-70m,5,256,step256,70426624,6,8,5,3,6,0.0040063620544970036,0.0,24828.98046875
EleutherAI/pythia-70m,5,256,step256,70426624,6,8,5,3,7,0.012666752561926842,0.0,24828.98046875
EleutherAI/pythia-70m,5,256,step256,70426624,6,8,5,4,0,0.0025782992597669363,0.0,24828.98046875
EleutherAI/pythia-70m,5,256,step256,70426624,6,8,5,4,1,0.004486354999244213,0.0,24828.98046875
EleutherAI/pythia-70m,5,256,step256,70426624,6,8,5,4,2,0.007134092506021261,0.0,24828.98046875
EleutherAI/pythia-70m,5,256,step256,70426624,6,8,5,4,3,0.014288181439042091,0.0,24828.98046875
EleutherAI/pythia-70m,5,256,step256,70426624,6,8,5,4,4,0.00827110931277275,0.0,24828.98046875
EleutherAI/pythia-70m,5,256,step256,70426624,6,8,5,4,5,0.002117122756317258,0.0,24828.98046875
EleutherAI/pythia-70m,5,256,step256,70426624,6,8,5,4,6,0.0031581500079482794,0.0,24828.98046875
EleutherAI/pythia-70m,5,256,step256,70426624,6,8,5,4,7,0.004636803641915321,0.0,24828.98046875
EleutherAI/pythia-70m,5,256,step256,70426624,6,8,5,5,0,0.005548340734094381,0.0,24828.98046875
EleutherAI/pythia-70m,5,256,step256,70426624,6,8,5,5,1,0.0044463686645030975,0.0,24828.98046875
EleutherAI/pythia-70m,5,256,step256,70426624,6,8,5,5,2,0.011186557821929455,0.0,24828.98046875
EleutherAI/pythia-70m,5,256,step256,70426624,6,8,5,5,3,0.0022699676919728518,0.0,24828.98046875
EleutherAI/pythia-70m,5,256,step256,70426624,6,8,5,5,4,0.009726663120090961,0.0,24828.98046875
EleutherAI/pythia-70m,5,256,step256,70426624,6,8,5,5,5,0.004063730593770742,0.0,24828.98046875
EleutherAI/pythia-70m,5,256,step256,70426624,6,8,5,5,6,0.00589072285220027,0.0,24828.98046875
EleutherAI/pythia-70m,5,256,step256,70426624,6,8,5,5,7,0.0032332828268408775,0.0,24828.98046875
EleutherAI/pythia-70m,5,256,step256,70426624,6,8,6,0,0,0.013990037143230438,0.0,24177.69921875
EleutherAI/pythia-70m,5,256,step256,70426624,6,8,6,0,1,0.015313983894884586,0.0,24177.69921875
EleutherAI/pythia-70m,5,256,step256,70426624,6,8,6,0,2,0.013249581679701805,0.0,24177.69921875
EleutherAI/pythia-70m,5,256,step256,70426624,6,8,6,0,3,0.014199706725776196,0.0,24177.69921875
EleutherAI/pythia-70m,5,256,step256,70426624,6,8,6,0,4,0.014036353677511215,0.0,24177.69921875
EleutherAI/pythia-70m,5,256,step256,70426624,6,8,6,0,5,0.013091206550598145,0.0,24177.69921875
EleutherAI/pythia-70m,5,256,step256,70426624,6,8,6,0,6,0.014496195130050182,0.0,24177.69921875
EleutherAI/pythia-70m,5,256,step256,70426624,6,8,6,0,7,0.01371260080486536,0.0,24177.69921875
EleutherAI/pythia-70m,5,256,step256,70426624,6,8,6,1,0,0.009551397524774075,0.0,24177.69921875
EleutherAI/pythia-70m,5,256,step256,70426624,6,8,6,1,1,0.00953347235918045,0.0,24177.69921875
EleutherAI/pythia-70m,5,256,step256,70426624,6,8,6,1,2,0.010716507211327553,0.0,24177.69921875
EleutherAI/pythia-70m,5,256,step256,70426624,6,8,6,1,3,0.011818275786936283,0.0,24177.69921875
EleutherAI/pythia-70m,5,256,step256,70426624,6,8,6,1,4,0.011333713307976723,0.0,24177.69921875
EleutherAI/pythia-70m,5,256,step256,70426624,6,8,6,1,5,0.009178859181702137,0.0,24177.69921875
EleutherAI/pythia-70m,5,256,step256,70426624,6,8,6,1,6,0.011189311742782593,0.0,24177.69921875
EleutherAI/pythia-70m,5,256,step256,70426624,6,8,6,1,7,0.010390112176537514,0.0,24177.69921875
EleutherAI/pythia-70m,5,256,step256,70426624,6,8,6,2,0,0.004401385318487883,0.0,24177.69921875
EleutherAI/pythia-70m,5,256,step256,70426624,6,8,6,2,1,0.0059949252754449844,0.0,24177.69921875
EleutherAI/pythia-70m,5,256,step256,70426624,6,8,6,2,2,0.002491946564987302,0.0,24177.69921875
EleutherAI/pythia-70m,5,256,step256,70426624,6,8,6,2,3,0.007220425643026829,0.0,24177.69921875
EleutherAI/pythia-70m,5,256,step256,70426624,6,8,6,2,4,0.008786755613982677,0.0,24177.69921875
EleutherAI/pythia-70m,5,256,step256,70426624,6,8,6,2,5,0.004914125893265009,0.0,24177.69921875
EleutherAI/pythia-70m,5,256,step256,70426624,6,8,6,2,6,0.004037684295326471,0.0,24177.69921875
EleutherAI/pythia-70m,5,256,step256,70426624,6,8,6,2,7,0.0065584140829741955,0.0,24177.69921875
EleutherAI/pythia-70m,5,256,step256,70426624,6,8,6,3,0,0.005238804034888744,0.0,24177.69921875
EleutherAI/pythia-70m,5,256,step256,70426624,6,8,6,3,1,0.0036128461360931396,0.0,24177.69921875
EleutherAI/pythia-70m,5,256,step256,70426624,6,8,6,3,2,0.0053815217688679695,0.0,24177.69921875
EleutherAI/pythia-70m,5,256,step256,70426624,6,8,6,3,3,0.0018880190327763557,0.0,24177.69921875
EleutherAI/pythia-70m,5,256,step256,70426624,6,8,6,3,4,0.010646006092429161,0.0,24177.69921875
EleutherAI/pythia-70m,5,256,step256,70426624,6,8,6,3,5,0.0030196872539818287,0.0,24177.69921875
EleutherAI/pythia-70m,5,256,step256,70426624,6,8,6,3,6,0.0012450322974473238,0.0,24177.69921875
EleutherAI/pythia-70m,5,256,step256,70426624,6,8,6,3,7,0.007697007153183222,0.0,24177.69921875
EleutherAI/pythia-70m,5,256,step256,70426624,6,8,6,4,0,0.002586568705737591,0.0,24177.69921875
EleutherAI/pythia-70m,5,256,step256,70426624,6,8,6,4,1,0.004456063732504845,0.0,24177.69921875
EleutherAI/pythia-70m,5,256,step256,70426624,6,8,6,4,2,0.006291735917329788,0.0,24177.69921875
EleutherAI/pythia-70m,5,256,step256,70426624,6,8,6,4,3,0.012013196013867855,0.0,24177.69921875
EleutherAI/pythia-70m,5,256,step256,70426624,6,8,6,4,4,0.01179239060729742,0.0,24177.69921875
EleutherAI/pythia-70m,5,256,step256,70426624,6,8,6,4,5,0.005717771593481302,0.0,24177.69921875
EleutherAI/pythia-70m,5,256,step256,70426624,6,8,6,4,6,0.0033508422784507275,0.0,24177.69921875
EleutherAI/pythia-70m,5,256,step256,70426624,6,8,6,4,7,0.006499189883470535,0.0,24177.69921875
EleutherAI/pythia-70m,5,256,step256,70426624,6,8,6,5,0,0.006701710168272257,0.0,24177.69921875
EleutherAI/pythia-70m,5,256,step256,70426624,6,8,6,5,1,0.005795957054942846,0.0,24177.69921875
EleutherAI/pythia-70m,5,256,step256,70426624,6,8,6,5,2,0.012716233730316162,0.0,24177.69921875
EleutherAI/pythia-70m,5,256,step256,70426624,6,8,6,5,3,0.0022580965887755156,0.0,24177.69921875
EleutherAI/pythia-70m,5,256,step256,70426624,6,8,6,5,4,0.00604616291821003,0.0,24177.69921875
EleutherAI/pythia-70m,5,256,step256,70426624,6,8,6,5,5,0.004254078026860952,0.0,24177.69921875
EleutherAI/pythia-70m,5,256,step256,70426624,6,8,6,5,6,0.006012548692524433,0.0,24177.69921875
EleutherAI/pythia-70m,5,256,step256,70426624,6,8,6,5,7,0.005848234985023737,0.0,24177.69921875
EleutherAI/pythia-70m,5,256,step256,70426624,6,8,7,0,0,0.013012153096497059,0.0,25553.640625
EleutherAI/pythia-70m,5,256,step256,70426624,6,8,7,0,1,0.014501670375466347,0.0,25553.640625
EleutherAI/pythia-70m,5,256,step256,70426624,6,8,7,0,2,0.01279723085463047,0.0,25553.640625
EleutherAI/pythia-70m,5,256,step256,70426624,6,8,7,0,3,0.01219035405665636,0.0,25553.640625
EleutherAI/pythia-70m,5,256,step256,70426624,6,8,7,0,4,0.013503571972250938,0.0,25553.640625
EleutherAI/pythia-70m,5,256,step256,70426624,6,8,7,0,5,0.014520077966153622,0.0,25553.640625
EleutherAI/pythia-70m,5,256,step256,70426624,6,8,7,0,6,0.013699025847017765,0.0,25553.640625
EleutherAI/pythia-70m,5,256,step256,70426624,6,8,7,0,7,0.014954821206629276,0.0,25553.640625
EleutherAI/pythia-70m,5,256,step256,70426624,6,8,7,1,0,0.0084148570895195,0.0,25553.640625
EleutherAI/pythia-70m,5,256,step256,70426624,6,8,7,1,1,0.008798092603683472,0.0,25553.640625
EleutherAI/pythia-70m,5,256,step256,70426624,6,8,7,1,2,0.009948906488716602,0.0,25553.640625
EleutherAI/pythia-70m,5,256,step256,70426624,6,8,7,1,3,0.011518795043230057,0.0,25553.640625
EleutherAI/pythia-70m,5,256,step256,70426624,6,8,7,1,4,0.00985029898583889,0.0,25553.640625
EleutherAI/pythia-70m,5,256,step256,70426624,6,8,7,1,5,0.008659499697387218,0.0,25553.640625
EleutherAI/pythia-70m,5,256,step256,70426624,6,8,7,1,6,0.010102731175720692,0.0,25553.640625
EleutherAI/pythia-70m,5,256,step256,70426624,6,8,7,1,7,0.010859117843210697,0.0,25553.640625
EleutherAI/pythia-70m,5,256,step256,70426624,6,8,7,2,0,0.007204070687294006,0.0,25553.640625
EleutherAI/pythia-70m,5,256,step256,70426624,6,8,7,2,1,0.008203862234950066,0.0,25553.640625
EleutherAI/pythia-70m,5,256,step256,70426624,6,8,7,2,2,0.004055248573422432,0.0,25553.640625
EleutherAI/pythia-70m,5,256,step256,70426624,6,8,7,2,3,0.006230486091226339,0.0,25553.640625
EleutherAI/pythia-70m,5,256,step256,70426624,6,8,7,2,4,0.00956637691706419,0.0,25553.640625
EleutherAI/pythia-70m,5,256,step256,70426624,6,8,7,2,5,0.0043352339416742325,0.0,25553.640625
EleutherAI/pythia-70m,5,256,step256,70426624,6,8,7,2,6,0.005528051406145096,0.0,25553.640625
EleutherAI/pythia-70m,5,256,step256,70426624,6,8,7,2,7,0.007184086833149195,0.0,25553.640625
EleutherAI/pythia-70m,5,256,step256,70426624,6,8,7,3,0,0.002739486750215292,0.0,25553.640625
EleutherAI/pythia-70m,5,256,step256,70426624,6,8,7,3,1,0.004289255011826754,0.0,25553.640625
EleutherAI/pythia-70m,5,256,step256,70426624,6,8,7,3,2,0.004876631777733564,0.0,25553.640625
EleutherAI/pythia-70m,5,256,step256,70426624,6,8,7,3,3,0.002900877967476845,0.0,25553.640625
EleutherAI/pythia-70m,5,256,step256,70426624,6,8,7,3,4,0.008685567416250706,0.0,25553.640625
EleutherAI/pythia-70m,5,256,step256,70426624,6,8,7,3,5,0.0028781078290194273,0.0,25553.640625
EleutherAI/pythia-70m,5,256,step256,70426624,6,8,7,3,6,0.002248369622975588,0.0,25553.640625
EleutherAI/pythia-70m,5,256,step256,70426624,6,8,7,3,7,0.011307715438306332,0.0,25553.640625
EleutherAI/pythia-70m,5,256,step256,70426624,6,8,7,4,0,0.00239250878803432,0.0,25553.640625
EleutherAI/pythia-70m,5,256,step256,70426624,6,8,7,4,1,0.004401117563247681,0.0,25553.640625
EleutherAI/pythia-70m,5,256,step256,70426624,6,8,7,4,2,0.007070060819387436,0.0,25553.640625
EleutherAI/pythia-70m,5,256,step256,70426624,6,8,7,4,3,0.01604442298412323,0.0,25553.640625
EleutherAI/pythia-70m,5,256,step256,70426624,6,8,7,4,4,0.01004181057214737,0.0,25553.640625
EleutherAI/pythia-70m,5,256,step256,70426624,6,8,7,4,5,0.0037130475975573063,0.0,25553.640625
EleutherAI/pythia-70m,5,256,step256,70426624,6,8,7,4,6,0.003854001173749566,0.0,25553.640625
EleutherAI/pythia-70m,5,256,step256,70426624,6,8,7,4,7,0.006794789806008339,0.0,25553.640625
EleutherAI/pythia-70m,5,256,step256,70426624,6,8,7,5,0,0.00673776725307107,0.0,25553.640625
EleutherAI/pythia-70m,5,256,step256,70426624,6,8,7,5,1,0.003337739035487175,0.0,25553.640625
EleutherAI/pythia-70m,5,256,step256,70426624,6,8,7,5,2,0.009053234942257404,0.0,25553.640625
EleutherAI/pythia-70m,5,256,step256,70426624,6,8,7,5,3,0.0026009792927652597,0.0,25553.640625
EleutherAI/pythia-70m,5,256,step256,70426624,6,8,7,5,4,0.005721628665924072,0.0,25553.640625
EleutherAI/pythia-70m,5,256,step256,70426624,6,8,7,5,5,0.004606377333402634,0.0,25553.640625
EleutherAI/pythia-70m,5,256,step256,70426624,6,8,7,5,6,0.0058398800902068615,0.0,25553.640625
EleutherAI/pythia-70m,5,256,step256,70426624,6,8,7,5,7,0.004695853218436241,0.0,25553.640625
EleutherAI/pythia-70m,5,256,step256,70426624,6,8,8,0,0,0.012946310453116894,0.0,25144.9609375
EleutherAI/pythia-70m,5,256,step256,70426624,6,8,8,0,1,0.01348109170794487,0.0,25144.9609375
EleutherAI/pythia-70m,5,256,step256,70426624,6,8,8,0,2,0.014451379887759686,0.0,25144.9609375
EleutherAI/pythia-70m,5,256,step256,70426624,6,8,8,0,3,0.014299234375357628,0.0,25144.9609375
EleutherAI/pythia-70m,5,256,step256,70426624,6,8,8,0,4,0.012806759215891361,0.0,25144.9609375
EleutherAI/pythia-70m,5,256,step256,70426624,6,8,8,0,5,0.015119391493499279,0.0,25144.9609375
EleutherAI/pythia-70m,5,256,step256,70426624,6,8,8,0,6,0.012481801211833954,0.0,25144.9609375
EleutherAI/pythia-70m,5,256,step256,70426624,6,8,8,0,7,0.013000616803765297,0.0,25144.9609375
EleutherAI/pythia-70m,5,256,step256,70426624,6,8,8,1,0,0.010092059150338173,0.0,25144.9609375
EleutherAI/pythia-70m,5,256,step256,70426624,6,8,8,1,1,0.00990547426044941,0.0,25144.9609375
EleutherAI/pythia-70m,5,256,step256,70426624,6,8,8,1,2,0.010365388356149197,0.0,25144.9609375
EleutherAI/pythia-70m,5,256,step256,70426624,6,8,8,1,3,0.012915129773318768,0.0,25144.9609375
EleutherAI/pythia-70m,5,256,step256,70426624,6,8,8,1,4,0.010782481171190739,0.0,25144.9609375
EleutherAI/pythia-70m,5,256,step256,70426624,6,8,8,1,5,0.006661070976406336,0.0,25144.9609375
EleutherAI/pythia-70m,5,256,step256,70426624,6,8,8,1,6,0.009289995767176151,0.0,25144.9609375
EleutherAI/pythia-70m,5,256,step256,70426624,6,8,8,1,7,0.009606787003576756,0.0,25144.9609375
EleutherAI/pythia-70m,5,256,step256,70426624,6,8,8,2,0,0.006439346820116043,0.0,25144.9609375
EleutherAI/pythia-70m,5,256,step256,70426624,6,8,8,2,1,0.006673853378742933,0.0,25144.9609375
EleutherAI/pythia-70m,5,256,step256,70426624,6,8,8,2,2,0.0025119802448898554,0.0,25144.9609375
EleutherAI/pythia-70m,5,256,step256,70426624,6,8,8,2,3,0.009220723994076252,0.0,25144.9609375
EleutherAI/pythia-70m,5,256,step256,70426624,6,8,8,2,4,0.009289786219596863,0.0,25144.9609375
EleutherAI/pythia-70m,5,256,step256,70426624,6,8,8,2,5,0.004047863185405731,0.0,25144.9609375
EleutherAI/pythia-70m,5,256,step256,70426624,6,8,8,2,6,0.005507247522473335,0.0,25144.9609375
EleutherAI/pythia-70m,5,256,step256,70426624,6,8,8,2,7,0.007802300620824099,0.0,25144.9609375
EleutherAI/pythia-70m,5,256,step256,70426624,6,8,8,3,0,0.0031784966122359037,0.0,25144.9609375
EleutherAI/pythia-70m,5,256,step256,70426624,6,8,8,3,1,0.003509354079142213,0.0,25144.9609375
EleutherAI/pythia-70m,5,256,step256,70426624,6,8,8,3,2,0.004391120281070471,0.0,25144.9609375
EleutherAI/pythia-70m,5,256,step256,70426624,6,8,8,3,3,0.0019031264819204807,0.0,25144.9609375
EleutherAI/pythia-70m,5,256,step256,70426624,6,8,8,3,4,0.01541114691644907,0.0,25144.9609375
EleutherAI/pythia-70m,5,256,step256,70426624,6,8,8,3,5,0.0028732826467603445,0.0,25144.9609375
EleutherAI/pythia-70m,5,256,step256,70426624,6,8,8,3,6,0.0030553434044122696,0.0,25144.9609375
EleutherAI/pythia-70m,5,256,step256,70426624,6,8,8,3,7,0.01111701037734747,0.0,25144.9609375
EleutherAI/pythia-70m,5,256,step256,70426624,6,8,8,4,0,0.004195168148726225,0.0,25144.9609375
EleutherAI/pythia-70m,5,256,step256,70426624,6,8,8,4,1,0.004402841906994581,0.0,25144.9609375
EleutherAI/pythia-70m,5,256,step256,70426624,6,8,8,4,2,0.007225751876831055,0.0,25144.9609375
EleutherAI/pythia-70m,5,256,step256,70426624,6,8,8,4,3,0.01342686451971531,0.0,25144.9609375
EleutherAI/pythia-70m,5,256,step256,70426624,6,8,8,4,4,0.011609183624386787,0.0,25144.9609375
EleutherAI/pythia-70m,5,256,step256,70426624,6,8,8,4,5,0.010300040245056152,0.0,25144.9609375
EleutherAI/pythia-70m,5,256,step256,70426624,6,8,8,4,6,0.002771327504888177,0.0,25144.9609375
EleutherAI/pythia-70m,5,256,step256,70426624,6,8,8,4,7,0.007307684514671564,0.0,25144.9609375
EleutherAI/pythia-70m,5,256,step256,70426624,6,8,8,5,0,0.009811737574636936,0.0,25144.9609375
EleutherAI/pythia-70m,5,256,step256,70426624,6,8,8,5,1,0.009584177285432816,0.0,25144.9609375
EleutherAI/pythia-70m,5,256,step256,70426624,6,8,8,5,2,0.011700302362442017,0.0,25144.9609375
EleutherAI/pythia-70m,5,256,step256,70426624,6,8,8,5,3,0.0035367493983358145,0.0,25144.9609375
EleutherAI/pythia-70m,5,256,step256,70426624,6,8,8,5,4,0.008970219641923904,0.0,25144.9609375
EleutherAI/pythia-70m,5,256,step256,70426624,6,8,8,5,5,0.006265050731599331,0.0,25144.9609375
EleutherAI/pythia-70m,5,256,step256,70426624,6,8,8,5,6,0.005779526196420193,0.0,25144.9609375
EleutherAI/pythia-70m,5,256,step256,70426624,6,8,8,5,7,0.004513198044151068,0.0,25144.9609375
EleutherAI/pythia-70m,5,256,step256,70426624,6,8,9,0,0,0.014250668697059155,0.0,23923.01953125
EleutherAI/pythia-70m,5,256,step256,70426624,6,8,9,0,1,0.013022232800722122,0.0,23923.01953125
EleutherAI/pythia-70m,5,256,step256,70426624,6,8,9,0,2,0.01382676512002945,0.0,23923.01953125
EleutherAI/pythia-70m,5,256,step256,70426624,6,8,9,0,3,0.01434334646910429,0.0,23923.01953125
EleutherAI/pythia-70m,5,256,step256,70426624,6,8,9,0,4,0.013997434638440609,0.0,23923.01953125
EleutherAI/pythia-70m,5,256,step256,70426624,6,8,9,0,5,0.012361627072095871,0.0,23923.01953125
EleutherAI/pythia-70m,5,256,step256,70426624,6,8,9,0,6,0.013286278583109379,0.0,23923.01953125
EleutherAI/pythia-70m,5,256,step256,70426624,6,8,9,0,7,0.012578933499753475,0.0,23923.01953125
EleutherAI/pythia-70m,5,256,step256,70426624,6,8,9,1,0,0.00685869948938489,0.0,23923.01953125
EleutherAI/pythia-70m,5,256,step256,70426624,6,8,9,1,1,0.008790649473667145,0.0,23923.01953125
EleutherAI/pythia-70m,5,256,step256,70426624,6,8,9,1,2,0.011474451050162315,0.0,23923.01953125
EleutherAI/pythia-70m,5,256,step256,70426624,6,8,9,1,3,0.011622672900557518,0.0,23923.01953125
EleutherAI/pythia-70m,5,256,step256,70426624,6,8,9,1,4,0.010465693660080433,0.0,23923.01953125
EleutherAI/pythia-70m,5,256,step256,70426624,6,8,9,1,5,0.0070054791867733,0.0,23923.01953125
EleutherAI/pythia-70m,5,256,step256,70426624,6,8,9,1,6,0.010649489238858223,0.0,23923.01953125
EleutherAI/pythia-70m,5,256,step256,70426624,6,8,9,1,7,0.01000669039785862,0.0,23923.01953125
EleutherAI/pythia-70m,5,256,step256,70426624,6,8,9,2,0,0.007409010548144579,0.0,23923.01953125
EleutherAI/pythia-70m,5,256,step256,70426624,6,8,9,2,1,0.00833486020565033,0.0,23923.01953125
EleutherAI/pythia-70m,5,256,step256,70426624,6,8,9,2,2,0.0027283516246825457,0.0,23923.01953125
EleutherAI/pythia-70m,5,256,step256,70426624,6,8,9,2,3,0.008164077065885067,0.0,23923.01953125
EleutherAI/pythia-70m,5,256,step256,70426624,6,8,9,2,4,0.011814553290605545,0.0,23923.01953125
EleutherAI/pythia-70m,5,256,step256,70426624,6,8,9,2,5,0.0040628304705023766,0.0,23923.01953125
EleutherAI/pythia-70m,5,256,step256,70426624,6,8,9,2,6,0.005008303560316563,0.0,23923.01953125
EleutherAI/pythia-70m,5,256,step256,70426624,6,8,9,2,7,0.005753916688263416,0.0,23923.01953125
EleutherAI/pythia-70m,5,256,step256,70426624,6,8,9,3,0,0.00409478647634387,0.0,23923.01953125
EleutherAI/pythia-70m,5,256,step256,70426624,6,8,9,3,1,0.0050804149359464645,0.0,23923.01953125
EleutherAI/pythia-70m,5,256,step256,70426624,6,8,9,3,2,0.008680928498506546,0.0,23923.01953125
EleutherAI/pythia-70m,5,256,step256,70426624,6,8,9,3,3,0.0026337653398513794,0.0,23923.01953125
EleutherAI/pythia-70m,5,256,step256,70426624,6,8,9,3,4,0.0061904070898890495,0.0,23923.01953125
EleutherAI/pythia-70m,5,256,step256,70426624,6,8,9,3,5,0.0031378010753542185,0.0,23923.01953125
EleutherAI/pythia-70m,5,256,step256,70426624,6,8,9,3,6,0.0021090093068778515,0.0,23923.01953125
EleutherAI/pythia-70m,5,256,step256,70426624,6,8,9,3,7,0.007483856752514839,0.0,23923.01953125
EleutherAI/pythia-70m,5,256,step256,70426624,6,8,9,4,0,0.002267586998641491,0.0,23923.01953125
EleutherAI/pythia-70m,5,256,step256,70426624,6,8,9,4,1,0.004193701781332493,0.0,23923.01953125
EleutherAI/pythia-70m,5,256,step256,70426624,6,8,9,4,2,0.007362569682300091,0.0,23923.01953125
EleutherAI/pythia-70m,5,256,step256,70426624,6,8,9,4,3,0.017881236970424652,0.0,23923.01953125
EleutherAI/pythia-70m,5,256,step256,70426624,6,8,9,4,4,0.01015545055270195,0.0,23923.01953125
EleutherAI/pythia-70m,5,256,step256,70426624,6,8,9,4,5,0.004812323022633791,0.0,23923.01953125
EleutherAI/pythia-70m,5,256,step256,70426624,6,8,9,4,6,0.0029155034571886063,0.0,23923.01953125
EleutherAI/pythia-70m,5,256,step256,70426624,6,8,9,4,7,0.007042938843369484,0.0,23923.01953125
EleutherAI/pythia-70m,5,256,step256,70426624,6,8,9,5,0,0.007787082344293594,0.0,23923.01953125
EleutherAI/pythia-70m,5,256,step256,70426624,6,8,9,5,1,0.006743638310581446,0.0,23923.01953125
EleutherAI/pythia-70m,5,256,step256,70426624,6,8,9,5,2,0.012594778090715408,0.0,23923.01953125
EleutherAI/pythia-70m,5,256,step256,70426624,6,8,9,5,3,0.00355832208879292,0.0,23923.01953125
EleutherAI/pythia-70m,5,256,step256,70426624,6,8,9,5,4,0.0076838769018650055,0.0,23923.01953125
EleutherAI/pythia-70m,5,256,step256,70426624,6,8,9,5,5,0.004492638632655144,0.0,23923.01953125
EleutherAI/pythia-70m,5,256,step256,70426624,6,8,9,5,6,0.008047075010836124,0.0,23923.01953125
EleutherAI/pythia-70m,5,256,step256,70426624,6,8,9,5,7,0.00740737933665514,0.0,23923.01953125
EleutherAI/pythia-70m,5,256,step256,70426624,6,8,10,0,0,0.014272511005401611,0.0,27450.759765625
EleutherAI/pythia-70m,5,256,step256,70426624,6,8,10,0,1,0.013113308697938919,0.0,27450.759765625
EleutherAI/pythia-70m,5,256,step256,70426624,6,8,10,0,2,0.012852823361754417,0.0,27450.759765625
EleutherAI/pythia-70m,5,256,step256,70426624,6,8,10,0,3,0.013320685364305973,0.0,27450.759765625
EleutherAI/pythia-70m,5,256,step256,70426624,6,8,10,0,4,0.01441599614918232,0.0,27450.759765625
EleutherAI/pythia-70m,5,256,step256,70426624,6,8,10,0,5,0.013652180321514606,0.0,27450.759765625
EleutherAI/pythia-70m,5,256,step256,70426624,6,8,10,0,6,0.01395465712994337,0.0,27450.759765625
EleutherAI/pythia-70m,5,256,step256,70426624,6,8,10,0,7,0.01355917938053608,0.0,27450.759765625
EleutherAI/pythia-70m,5,256,step256,70426624,6,8,10,1,0,0.008542743511497974,0.0,27450.759765625
EleutherAI/pythia-70m,5,256,step256,70426624,6,8,10,1,1,0.009376768954098225,0.0,27450.759765625
EleutherAI/pythia-70m,5,256,step256,70426624,6,8,10,1,2,0.010526968166232109,0.0,27450.759765625
EleutherAI/pythia-70m,5,256,step256,70426624,6,8,10,1,3,0.012371174059808254,0.0,27450.759765625
EleutherAI/pythia-70m,5,256,step256,70426624,6,8,10,1,4,0.009751134552061558,0.0,27450.759765625
EleutherAI/pythia-70m,5,256,step256,70426624,6,8,10,1,5,0.008672399446368217,0.0,27450.759765625
EleutherAI/pythia-70m,5,256,step256,70426624,6,8,10,1,6,0.009635296650230885,0.0,27450.759765625
EleutherAI/pythia-70m,5,256,step256,70426624,6,8,10,1,7,0.010676124133169651,0.0,27450.759765625
EleutherAI/pythia-70m,5,256,step256,70426624,6,8,10,2,0,0.006715225521475077,0.0,27450.759765625
EleutherAI/pythia-70m,5,256,step256,70426624,6,8,10,2,1,0.00718922633677721,0.0,27450.759765625
EleutherAI/pythia-70m,5,256,step256,70426624,6,8,10,2,2,0.0034469100646674633,0.0,27450.759765625
EleutherAI/pythia-70m,5,256,step256,70426624,6,8,10,2,3,0.006796425208449364,0.0,27450.759765625
EleutherAI/pythia-70m,5,256,step256,70426624,6,8,10,2,4,0.01017762441188097,0.0,27450.759765625
EleutherAI/pythia-70m,5,256,step256,70426624,6,8,10,2,5,0.003444553120061755,0.0,27450.759765625
EleutherAI/pythia-70m,5,256,step256,70426624,6,8,10,2,6,0.0030347087886184454,0.0,27450.759765625
EleutherAI/pythia-70m,5,256,step256,70426624,6,8,10,2,7,0.007174613419920206,0.0,27450.759765625
EleutherAI/pythia-70m,5,256,step256,70426624,6,8,10,3,0,0.004510911181569099,0.0,27450.759765625
EleutherAI/pythia-70m,5,256,step256,70426624,6,8,10,3,1,0.003075821092352271,0.0,27450.759765625
EleutherAI/pythia-70m,5,256,step256,70426624,6,8,10,3,2,0.006418697070330381,0.0,27450.759765625
EleutherAI/pythia-70m,5,256,step256,70426624,6,8,10,3,3,0.0023400690406560898,0.0,27450.759765625
EleutherAI/pythia-70m,5,256,step256,70426624,6,8,10,3,4,0.009502265602350235,0.0,27450.759765625
EleutherAI/pythia-70m,5,256,step256,70426624,6,8,10,3,5,0.004151919856667519,0.0,27450.759765625
EleutherAI/pythia-70m,5,256,step256,70426624,6,8,10,3,6,0.0022246246226131916,0.0,27450.759765625
EleutherAI/pythia-70m,5,256,step256,70426624,6,8,10,3,7,0.009291144087910652,0.0,27450.759765625
EleutherAI/pythia-70m,5,256,step256,70426624,6,8,10,4,0,0.0021327321883291006,0.0,27450.759765625
EleutherAI/pythia-70m,5,256,step256,70426624,6,8,10,4,1,0.006486694328486919,0.0,27450.759765625
EleutherAI/pythia-70m,5,256,step256,70426624,6,8,10,4,2,0.007557356730103493,0.0,27450.759765625
EleutherAI/pythia-70m,5,256,step256,70426624,6,8,10,4,3,0.016045061871409416,0.0,27450.759765625
EleutherAI/pythia-70m,5,256,step256,70426624,6,8,10,4,4,0.011866003274917603,0.0,27450.759765625
EleutherAI/pythia-70m,5,256,step256,70426624,6,8,10,4,5,0.005367312580347061,0.0,27450.759765625
EleutherAI/pythia-70m,5,256,step256,70426624,6,8,10,4,6,0.003269501030445099,0.0,27450.759765625
EleutherAI/pythia-70m,5,256,step256,70426624,6,8,10,4,7,0.006733317393809557,0.0,27450.759765625
EleutherAI/pythia-70m,5,256,step256,70426624,6,8,10,5,0,0.010244897566735744,0.0,27450.759765625
EleutherAI/pythia-70m,5,256,step256,70426624,6,8,10,5,1,0.005288288462907076,0.0,27450.759765625
EleutherAI/pythia-70m,5,256,step256,70426624,6,8,10,5,2,0.01142778992652893,0.0,27450.759765625
EleutherAI/pythia-70m,5,256,step256,70426624,6,8,10,5,3,0.0012307236902415752,0.0,27450.759765625
EleutherAI/pythia-70m,5,256,step256,70426624,6,8,10,5,4,0.006490517407655716,0.0,27450.759765625
EleutherAI/pythia-70m,5,256,step256,70426624,6,8,10,5,5,0.0056142951361835,0.0,27450.759765625
EleutherAI/pythia-70m,5,256,step256,70426624,6,8,10,5,6,0.005464161746203899,0.0,27450.759765625
EleutherAI/pythia-70m,5,256,step256,70426624,6,8,10,5,7,0.002620205283164978,0.0,27450.759765625
EleutherAI/pythia-70m,5,256,step256,70426624,6,8,11,0,0,0.014488032087683678,0.0,25149.19921875
EleutherAI/pythia-70m,5,256,step256,70426624,6,8,11,0,1,0.012823453173041344,0.0,25149.19921875
EleutherAI/pythia-70m,5,256,step256,70426624,6,8,11,0,2,0.014784073457121849,0.0,25149.19921875
EleutherAI/pythia-70m,5,256,step256,70426624,6,8,11,0,3,0.014442617073655128,0.0,25149.19921875
EleutherAI/pythia-70m,5,256,step256,70426624,6,8,11,0,4,0.013004429638385773,0.0,25149.19921875
EleutherAI/pythia-70m,5,256,step256,70426624,6,8,11,0,5,0.014869972132146358,0.0,25149.19921875
EleutherAI/pythia-70m,5,256,step256,70426624,6,8,11,0,6,0.013838236220180988,0.0,25149.19921875
EleutherAI/pythia-70m,5,256,step256,70426624,6,8,11,0,7,0.013248424977064133,0.0,25149.19921875
EleutherAI/pythia-70m,5,256,step256,70426624,6,8,11,1,0,0.009067701175808907,0.0,25149.19921875
EleutherAI/pythia-70m,5,256,step256,70426624,6,8,11,1,1,0.008639532141387463,0.0,25149.19921875
EleutherAI/pythia-70m,5,256,step256,70426624,6,8,11,1,2,0.009910572320222855,0.0,25149.19921875
EleutherAI/pythia-70m,5,256,step256,70426624,6,8,11,1,3,0.011101949959993362,0.0,25149.19921875
EleutherAI/pythia-70m,5,256,step256,70426624,6,8,11,1,4,0.008959962986409664,0.0,25149.19921875
EleutherAI/pythia-70m,5,256,step256,70426624,6,8,11,1,5,0.00875918660312891,0.0,25149.19921875
EleutherAI/pythia-70m,5,256,step256,70426624,6,8,11,1,6,0.009232621639966965,0.0,25149.19921875
EleutherAI/pythia-70m,5,256,step256,70426624,6,8,11,1,7,0.009280783124268055,0.0,25149.19921875
EleutherAI/pythia-70m,5,256,step256,70426624,6,8,11,2,0,0.006538138259202242,0.0,25149.19921875
EleutherAI/pythia-70m,5,256,step256,70426624,6,8,11,2,1,0.007282310165464878,0.0,25149.19921875
EleutherAI/pythia-70m,5,256,step256,70426624,6,8,11,2,2,0.004366687033325434,0.0,25149.19921875
EleutherAI/pythia-70m,5,256,step256,70426624,6,8,11,2,3,0.007483279798179865,0.0,25149.19921875
EleutherAI/pythia-70m,5,256,step256,70426624,6,8,11,2,4,0.008768721483647823,0.0,25149.19921875
EleutherAI/pythia-70m,5,256,step256,70426624,6,8,11,2,5,0.00484624644741416,0.0,25149.19921875
EleutherAI/pythia-70m,5,256,step256,70426624,6,8,11,2,6,0.003174138255417347,0.0,25149.19921875
EleutherAI/pythia-70m,5,256,step256,70426624,6,8,11,2,7,0.008001378737390041,0.0,25149.19921875
EleutherAI/pythia-70m,5,256,step256,70426624,6,8,11,3,0,0.0030956119298934937,0.0,25149.19921875
EleutherAI/pythia-70m,5,256,step256,70426624,6,8,11,3,1,0.0028940278571099043,0.0,25149.19921875
EleutherAI/pythia-70m,5,256,step256,70426624,6,8,11,3,2,0.004659673199057579,0.0,25149.19921875
EleutherAI/pythia-70m,5,256,step256,70426624,6,8,11,3,3,0.002446843311190605,0.0,25149.19921875
EleutherAI/pythia-70m,5,256,step256,70426624,6,8,11,3,4,0.008299794048070908,0.0,25149.19921875
EleutherAI/pythia-70m,5,256,step256,70426624,6,8,11,3,5,0.0035453191958367825,0.0,25149.19921875
EleutherAI/pythia-70m,5,256,step256,70426624,6,8,11,3,6,0.0023053924087435007,0.0,25149.19921875
EleutherAI/pythia-70m,5,256,step256,70426624,6,8,11,3,7,0.009676813147962093,0.0,25149.19921875
EleutherAI/pythia-70m,5,256,step256,70426624,6,8,11,4,0,0.00480232760310173,0.0,25149.19921875
EleutherAI/pythia-70m,5,256,step256,70426624,6,8,11,4,1,0.004860617220401764,0.0,25149.19921875
EleutherAI/pythia-70m,5,256,step256,70426624,6,8,11,4,2,0.007143903989344835,0.0,25149.19921875
EleutherAI/pythia-70m,5,256,step256,70426624,6,8,11,4,3,0.013363039121031761,0.0,25149.19921875
EleutherAI/pythia-70m,5,256,step256,70426624,6,8,11,4,4,0.008278067223727703,0.0,25149.19921875
EleutherAI/pythia-70m,5,256,step256,70426624,6,8,11,4,5,0.004614821635186672,0.0,25149.19921875
EleutherAI/pythia-70m,5,256,step256,70426624,6,8,11,4,6,0.004029061179608107,0.0,25149.19921875
EleutherAI/pythia-70m,5,256,step256,70426624,6,8,11,4,7,0.006719452328979969,0.0,25149.19921875
EleutherAI/pythia-70m,5,256,step256,70426624,6,8,11,5,0,0.007049107924103737,0.0,25149.19921875
EleutherAI/pythia-70m,5,256,step256,70426624,6,8,11,5,1,0.006400436162948608,0.0,25149.19921875
EleutherAI/pythia-70m,5,256,step256,70426624,6,8,11,5,2,0.011461645364761353,0.0,25149.19921875
EleutherAI/pythia-70m,5,256,step256,70426624,6,8,11,5,3,0.002516514854505658,0.0,25149.19921875
EleutherAI/pythia-70m,5,256,step256,70426624,6,8,11,5,4,0.00686940923333168,0.0,25149.19921875
EleutherAI/pythia-70m,5,256,step256,70426624,6,8,11,5,5,0.004088680259883404,0.0,25149.19921875
EleutherAI/pythia-70m,5,256,step256,70426624,6,8,11,5,6,0.004302463959902525,0.0,25149.19921875
EleutherAI/pythia-70m,5,256,step256,70426624,6,8,11,5,7,0.003680374240502715,0.0,25149.19921875
EleutherAI/pythia-70m,5,256,step256,70426624,6,8,12,0,0,0.013679329305887222,0.0,24444.33984375
EleutherAI/pythia-70m,5,256,step256,70426624,6,8,12,0,1,0.014994245022535324,0.0,24444.33984375
EleutherAI/pythia-70m,5,256,step256,70426624,6,8,12,0,2,0.013247625902295113,0.0,24444.33984375
EleutherAI/pythia-70m,5,256,step256,70426624,6,8,12,0,3,0.014637652784585953,0.0,24444.33984375
EleutherAI/pythia-70m,5,256,step256,70426624,6,8,12,0,4,0.013560823164880276,0.0,24444.33984375
EleutherAI/pythia-70m,5,256,step256,70426624,6,8,12,0,5,0.01483164168894291,0.0,24444.33984375
EleutherAI/pythia-70m,5,256,step256,70426624,6,8,12,0,6,0.013590517453849316,0.0,24444.33984375
EleutherAI/pythia-70m,5,256,step256,70426624,6,8,12,0,7,0.013336480595171452,0.0,24444.33984375
EleutherAI/pythia-70m,5,256,step256,70426624,6,8,12,1,0,0.007299704942852259,0.0,24444.33984375
EleutherAI/pythia-70m,5,256,step256,70426624,6,8,12,1,1,0.008967017754912376,0.0,24444.33984375
EleutherAI/pythia-70m,5,256,step256,70426624,6,8,12,1,2,0.009105056524276733,0.0,24444.33984375
EleutherAI/pythia-70m,5,256,step256,70426624,6,8,12,1,3,0.010751372203230858,0.0,24444.33984375
EleutherAI/pythia-70m,5,256,step256,70426624,6,8,12,1,4,0.009381944313645363,0.0,24444.33984375
EleutherAI/pythia-70m,5,256,step256,70426624,6,8,12,1,5,0.008406518958508968,0.0,24444.33984375
EleutherAI/pythia-70m,5,256,step256,70426624,6,8,12,1,6,0.009709089994430542,0.0,24444.33984375
EleutherAI/pythia-70m,5,256,step256,70426624,6,8,12,1,7,0.011600272729992867,0.0,24444.33984375
EleutherAI/pythia-70m,5,256,step256,70426624,6,8,12,2,0,0.005502928048372269,0.0,24444.33984375
EleutherAI/pythia-70m,5,256,step256,70426624,6,8,12,2,1,0.006044917739927769,0.0,24444.33984375
EleutherAI/pythia-70m,5,256,step256,70426624,6,8,12,2,2,0.004004240036010742,0.0,24444.33984375
EleutherAI/pythia-70m,5,256,step256,70426624,6,8,12,2,3,0.006457583978772163,0.0,24444.33984375
EleutherAI/pythia-70m,5,256,step256,70426624,6,8,12,2,4,0.009408888407051563,0.0,24444.33984375
EleutherAI/pythia-70m,5,256,step256,70426624,6,8,12,2,5,0.005566938314586878,0.0,24444.33984375
EleutherAI/pythia-70m,5,256,step256,70426624,6,8,12,2,6,0.005360664799809456,0.0,24444.33984375
EleutherAI/pythia-70m,5,256,step256,70426624,6,8,12,2,7,0.006072034128010273,0.0,24444.33984375
EleutherAI/pythia-70m,5,256,step256,70426624,6,8,12,3,0,0.0036428484600037336,0.0,24444.33984375
EleutherAI/pythia-70m,5,256,step256,70426624,6,8,12,3,1,0.003453085431829095,0.0,24444.33984375
EleutherAI/pythia-70m,5,256,step256,70426624,6,8,12,3,2,0.0045213522389531136,0.0,24444.33984375
EleutherAI/pythia-70m,5,256,step256,70426624,6,8,12,3,3,0.002865901682525873,0.0,24444.33984375
EleutherAI/pythia-70m,5,256,step256,70426624,6,8,12,3,4,0.007649153936654329,0.0,24444.33984375
EleutherAI/pythia-70m,5,256,step256,70426624,6,8,12,3,5,0.003581278258934617,0.0,24444.33984375
EleutherAI/pythia-70m,5,256,step256,70426624,6,8,12,3,6,0.00286041758954525,0.0,24444.33984375
EleutherAI/pythia-70m,5,256,step256,70426624,6,8,12,3,7,0.013125820085406303,0.0,24444.33984375
EleutherAI/pythia-70m,5,256,step256,70426624,6,8,12,4,0,0.0018246598774567246,0.0,24444.33984375
EleutherAI/pythia-70m,5,256,step256,70426624,6,8,12,4,1,0.004260974004864693,0.0,24444.33984375
EleutherAI/pythia-70m,5,256,step256,70426624,6,8,12,4,2,0.008650247007608414,0.0,24444.33984375
EleutherAI/pythia-70m,5,256,step256,70426624,6,8,12,4,3,0.01579710841178894,0.0,24444.33984375
EleutherAI/pythia-70m,5,256,step256,70426624,6,8,12,4,4,0.010894950479269028,0.0,24444.33984375
EleutherAI/pythia-70m,5,256,step256,70426624,6,8,12,4,5,0.003918604459613562,0.0,24444.33984375
EleutherAI/pythia-70m,5,256,step256,70426624,6,8,12,4,6,0.0046014501713216305,0.0,24444.33984375
EleutherAI/pythia-70m,5,256,step256,70426624,6,8,12,4,7,0.005201679654419422,0.0,24444.33984375
EleutherAI/pythia-70m,5,256,step256,70426624,6,8,12,5,0,0.008513408713042736,0.0,24444.33984375
EleutherAI/pythia-70m,5,256,step256,70426624,6,8,12,5,1,0.0066824015229940414,0.0,24444.33984375
EleutherAI/pythia-70m,5,256,step256,70426624,6,8,12,5,2,0.010809365659952164,0.0,24444.33984375
EleutherAI/pythia-70m,5,256,step256,70426624,6,8,12,5,3,0.0023667009081691504,0.0,24444.33984375
EleutherAI/pythia-70m,5,256,step256,70426624,6,8,12,5,4,0.0060313730500638485,0.0,24444.33984375
EleutherAI/pythia-70m,5,256,step256,70426624,6,8,12,5,5,0.005582673475146294,0.0,24444.33984375
EleutherAI/pythia-70m,5,256,step256,70426624,6,8,12,5,6,0.008469199761748314,0.0,24444.33984375
EleutherAI/pythia-70m,5,256,step256,70426624,6,8,12,5,7,0.006497666239738464,0.0,24444.33984375
EleutherAI/pythia-70m,5,256,step256,70426624,6,8,13,0,0,0.015171267092227936,0.0,25916.560546875
EleutherAI/pythia-70m,5,256,step256,70426624,6,8,13,0,1,0.013728066347539425,0.0,25916.560546875
EleutherAI/pythia-70m,5,256,step256,70426624,6,8,13,0,2,0.013798096217215061,0.0,25916.560546875
EleutherAI/pythia-70m,5,256,step256,70426624,6,8,13,0,3,0.014317374676465988,0.0,25916.560546875
EleutherAI/pythia-70m,5,256,step256,70426624,6,8,13,0,4,0.014464067295193672,0.0,25916.560546875
EleutherAI/pythia-70m,5,256,step256,70426624,6,8,13,0,5,0.014190323650836945,0.0,25916.560546875
EleutherAI/pythia-70m,5,256,step256,70426624,6,8,13,0,6,0.014564692974090576,0.0,25916.560546875
EleutherAI/pythia-70m,5,256,step256,70426624,6,8,13,0,7,0.013986758887767792,0.0,25916.560546875
EleutherAI/pythia-70m,5,256,step256,70426624,6,8,13,1,0,0.008231605403125286,0.0,25916.560546875
EleutherAI/pythia-70m,5,256,step256,70426624,6,8,13,1,1,0.009602786041796207,0.0,25916.560546875
EleutherAI/pythia-70m,5,256,step256,70426624,6,8,13,1,2,0.01011698693037033,0.0,25916.560546875
EleutherAI/pythia-70m,5,256,step256,70426624,6,8,13,1,3,0.012732080183923244,0.0,25916.560546875
EleutherAI/pythia-70m,5,256,step256,70426624,6,8,13,1,4,0.007790557108819485,0.0,25916.560546875
EleutherAI/pythia-70m,5,256,step256,70426624,6,8,13,1,5,0.007472433615475893,0.0,25916.560546875
EleutherAI/pythia-70m,5,256,step256,70426624,6,8,13,1,6,0.01069567073136568,0.0,25916.560546875
EleutherAI/pythia-70m,5,256,step256,70426624,6,8,13,1,7,0.010496220551431179,0.0,25916.560546875
EleutherAI/pythia-70m,5,256,step256,70426624,6,8,13,2,0,0.005968774668872356,0.0,25916.560546875
EleutherAI/pythia-70m,5,256,step256,70426624,6,8,13,2,1,0.0061182365752756596,0.0,25916.560546875
EleutherAI/pythia-70m,5,256,step256,70426624,6,8,13,2,2,0.003911325242370367,0.0,25916.560546875
EleutherAI/pythia-70m,5,256,step256,70426624,6,8,13,2,3,0.004789522849023342,0.0,25916.560546875
EleutherAI/pythia-70m,5,256,step256,70426624,6,8,13,2,4,0.01155996322631836,0.0,25916.560546875
EleutherAI/pythia-70m,5,256,step256,70426624,6,8,13,2,5,0.004362978506833315,0.0,25916.560546875
EleutherAI/pythia-70m,5,256,step256,70426624,6,8,13,2,6,0.005143970716744661,0.0,25916.560546875
EleutherAI/pythia-70m,5,256,step256,70426624,6,8,13,2,7,0.009042314253747463,0.0,25916.560546875
EleutherAI/pythia-70m,5,256,step256,70426624,6,8,13,3,0,0.003458768827840686,0.0,25916.560546875
EleutherAI/pythia-70m,5,256,step256,70426624,6,8,13,3,1,0.0038707575295120478,0.0,25916.560546875
EleutherAI/pythia-70m,5,256,step256,70426624,6,8,13,3,2,0.006007386837154627,0.0,25916.560546875
EleutherAI/pythia-70m,5,256,step256,70426624,6,8,13,3,3,0.001806532614864409,0.0,25916.560546875
EleutherAI/pythia-70m,5,256,step256,70426624,6,8,13,3,4,0.011183088645339012,0.0,25916.560546875
EleutherAI/pythia-70m,5,256,step256,70426624,6,8,13,3,5,0.0038319346494972706,0.0,25916.560546875
EleutherAI/pythia-70m,5,256,step256,70426624,6,8,13,3,6,0.003137298161163926,0.0,25916.560546875
EleutherAI/pythia-70m,5,256,step256,70426624,6,8,13,3,7,0.010210990905761719,0.0,25916.560546875
EleutherAI/pythia-70m,5,256,step256,70426624,6,8,13,4,0,0.0030650943517684937,0.0,25916.560546875
EleutherAI/pythia-70m,5,256,step256,70426624,6,8,13,4,1,0.006271373014897108,0.0,25916.560546875
EleutherAI/pythia-70m,5,256,step256,70426624,6,8,13,4,2,0.0068638562224805355,0.0,25916.560546875
EleutherAI/pythia-70m,5,256,step256,70426624,6,8,13,4,3,0.012127542868256569,0.0,25916.560546875
EleutherAI/pythia-70m,5,256,step256,70426624,6,8,13,4,4,0.009733526967465878,0.0,25916.560546875
EleutherAI/pythia-70m,5,256,step256,70426624,6,8,13,4,5,0.004122020676732063,0.0,25916.560546875
EleutherAI/pythia-70m,5,256,step256,70426624,6,8,13,4,6,0.003956582397222519,0.0,25916.560546875
EleutherAI/pythia-70m,5,256,step256,70426624,6,8,13,4,7,0.00620992761105299,0.0,25916.560546875
EleutherAI/pythia-70m,5,256,step256,70426624,6,8,13,5,0,0.009274826385080814,0.0,25916.560546875
EleutherAI/pythia-70m,5,256,step256,70426624,6,8,13,5,1,0.008479900658130646,0.0,25916.560546875
EleutherAI/pythia-70m,5,256,step256,70426624,6,8,13,5,2,0.011347954161465168,0.0,25916.560546875
EleutherAI/pythia-70m,5,256,step256,70426624,6,8,13,5,3,0.0022259324323385954,0.0,25916.560546875
EleutherAI/pythia-70m,5,256,step256,70426624,6,8,13,5,4,0.007164063863456249,0.0,25916.560546875
EleutherAI/pythia-70m,5,256,step256,70426624,6,8,13,5,5,0.00617038132622838,0.0,25916.560546875
EleutherAI/pythia-70m,5,256,step256,70426624,6,8,13,5,6,0.0077226306311786175,0.0,25916.560546875
EleutherAI/pythia-70m,5,256,step256,70426624,6,8,13,5,7,0.006841680966317654,0.0,25916.560546875
EleutherAI/pythia-70m,5,256,step256,70426624,6,8,14,0,0,0.013625682331621647,0.0,25208.380859375
EleutherAI/pythia-70m,5,256,step256,70426624,6,8,14,0,1,0.014976438134908676,0.0,25208.380859375
EleutherAI/pythia-70m,5,256,step256,70426624,6,8,14,0,2,0.01292368397116661,0.0,25208.380859375
EleutherAI/pythia-70m,5,256,step256,70426624,6,8,14,0,3,0.015125471167266369,0.0,25208.380859375
EleutherAI/pythia-70m,5,256,step256,70426624,6,8,14,0,4,0.01216092798858881,0.0,25208.380859375
EleutherAI/pythia-70m,5,256,step256,70426624,6,8,14,0,5,0.01351192221045494,0.0,25208.380859375
EleutherAI/pythia-70m,5,256,step256,70426624,6,8,14,0,6,0.012374772690236568,0.0,25208.380859375
EleutherAI/pythia-70m,5,256,step256,70426624,6,8,14,0,7,0.015178297646343708,0.0,25208.380859375
EleutherAI/pythia-70m,5,256,step256,70426624,6,8,14,1,0,0.00737787177786231,0.0,25208.380859375
EleutherAI/pythia-70m,5,256,step256,70426624,6,8,14,1,1,0.008600791916251183,0.0,25208.380859375
EleutherAI/pythia-70m,5,256,step256,70426624,6,8,14,1,2,0.009640061296522617,0.0,25208.380859375
EleutherAI/pythia-70m,5,256,step256,70426624,6,8,14,1,3,0.012225091457366943,0.0,25208.380859375
EleutherAI/pythia-70m,5,256,step256,70426624,6,8,14,1,4,0.010312230326235294,0.0,25208.380859375
EleutherAI/pythia-70m,5,256,step256,70426624,6,8,14,1,5,0.008604368194937706,0.0,25208.380859375
EleutherAI/pythia-70m,5,256,step256,70426624,6,8,14,1,6,0.010389644652605057,0.0,25208.380859375
EleutherAI/pythia-70m,5,256,step256,70426624,6,8,14,1,7,0.012162809260189533,0.0,25208.380859375
EleutherAI/pythia-70m,5,256,step256,70426624,6,8,14,2,0,0.008154154755175114,0.0,25208.380859375
EleutherAI/pythia-70m,5,256,step256,70426624,6,8,14,2,1,0.009371482767164707,0.0,25208.380859375
EleutherAI/pythia-70m,5,256,step256,70426624,6,8,14,2,2,0.0024044224992394447,0.0,25208.380859375
EleutherAI/pythia-70m,5,256,step256,70426624,6,8,14,2,3,0.008372342213988304,0.0,25208.380859375
EleutherAI/pythia-70m,5,256,step256,70426624,6,8,14,2,4,0.01202283427119255,0.0,25208.380859375
EleutherAI/pythia-70m,5,256,step256,70426624,6,8,14,2,5,0.004707488231360912,0.0,25208.380859375
EleutherAI/pythia-70m,5,256,step256,70426624,6,8,14,2,6,0.003701459849253297,0.0,25208.380859375
EleutherAI/pythia-70m,5,256,step256,70426624,6,8,14,2,7,0.006261734291911125,0.0,25208.380859375
EleutherAI/pythia-70m,5,256,step256,70426624,6,8,14,3,0,0.0030891969799995422,0.0,25208.380859375
EleutherAI/pythia-70m,5,256,step256,70426624,6,8,14,3,1,0.0030361509416252375,0.0,25208.380859375
EleutherAI/pythia-70m,5,256,step256,70426624,6,8,14,3,2,0.0028561342041939497,0.0,25208.380859375
EleutherAI/pythia-70m,5,256,step256,70426624,6,8,14,3,3,0.0026595653034746647,0.0,25208.380859375
EleutherAI/pythia-70m,5,256,step256,70426624,6,8,14,3,4,0.011115851812064648,0.0,25208.380859375
EleutherAI/pythia-70m,5,256,step256,70426624,6,8,14,3,5,0.0031063982751220465,0.0,25208.380859375
EleutherAI/pythia-70m,5,256,step256,70426624,6,8,14,3,6,0.002821502974256873,0.0,25208.380859375
EleutherAI/pythia-70m,5,256,step256,70426624,6,8,14,3,7,0.011363744735717773,0.0,25208.380859375
EleutherAI/pythia-70m,5,256,step256,70426624,6,8,14,4,0,0.0020209557842463255,0.0,25208.380859375
EleutherAI/pythia-70m,5,256,step256,70426624,6,8,14,4,1,0.004871352110058069,0.0,25208.380859375
EleutherAI/pythia-70m,5,256,step256,70426624,6,8,14,4,2,0.007968111895024776,0.0,25208.380859375
EleutherAI/pythia-70m,5,256,step256,70426624,6,8,14,4,3,0.012194630689918995,0.0,25208.380859375
EleutherAI/pythia-70m,5,256,step256,70426624,6,8,14,4,4,0.008733301423490047,0.0,25208.380859375
EleutherAI/pythia-70m,5,256,step256,70426624,6,8,14,4,5,0.0071233343333005905,0.0,25208.380859375
EleutherAI/pythia-70m,5,256,step256,70426624,6,8,14,4,6,0.0034071544650942087,0.0,25208.380859375
EleutherAI/pythia-70m,5,256,step256,70426624,6,8,14,4,7,0.005000072065740824,0.0,25208.380859375
EleutherAI/pythia-70m,5,256,step256,70426624,6,8,14,5,0,0.00799255445599556,0.0,25208.380859375
EleutherAI/pythia-70m,5,256,step256,70426624,6,8,14,5,1,0.006710636429488659,0.0,25208.380859375
EleutherAI/pythia-70m,5,256,step256,70426624,6,8,14,5,2,0.01146108191460371,0.0,25208.380859375
EleutherAI/pythia-70m,5,256,step256,70426624,6,8,14,5,3,0.0032030276488512754,0.0,25208.380859375
EleutherAI/pythia-70m,5,256,step256,70426624,6,8,14,5,4,0.006046996917575598,0.0,25208.380859375
EleutherAI/pythia-70m,5,256,step256,70426624,6,8,14,5,5,0.0040153805166482925,0.0,25208.380859375
EleutherAI/pythia-70m,5,256,step256,70426624,6,8,14,5,6,0.0066360849887132645,0.0,25208.380859375
EleutherAI/pythia-70m,5,256,step256,70426624,6,8,14,5,7,0.005384079180657864,0.0,25208.380859375
EleutherAI/pythia-70m,5,256,step256,70426624,6,8,15,0,0,0.014216125942766666,0.0,20431.16015625
EleutherAI/pythia-70m,5,256,step256,70426624,6,8,15,0,1,0.013907256536185741,0.0,20431.16015625
EleutherAI/pythia-70m,5,256,step256,70426624,6,8,15,0,2,0.01531311497092247,0.0,20431.16015625
EleutherAI/pythia-70m,5,256,step256,70426624,6,8,15,0,3,0.014167942106723785,0.0,20431.16015625
EleutherAI/pythia-70m,5,256,step256,70426624,6,8,15,0,4,0.013868733309209347,0.0,20431.16015625
EleutherAI/pythia-70m,5,256,step256,70426624,6,8,15,0,5,0.013970604166388512,0.0,20431.16015625
EleutherAI/pythia-70m,5,256,step256,70426624,6,8,15,0,6,0.014249810017645359,0.0,20431.16015625
EleutherAI/pythia-70m,5,256,step256,70426624,6,8,15,0,7,0.01290733553469181,0.0,20431.16015625
EleutherAI/pythia-70m,5,256,step256,70426624,6,8,15,1,0,0.006319516804069281,0.0,20431.16015625
EleutherAI/pythia-70m,5,256,step256,70426624,6,8,15,1,1,0.008473584428429604,0.0,20431.16015625
EleutherAI/pythia-70m,5,256,step256,70426624,6,8,15,1,2,0.010513413697481155,0.0,20431.16015625
EleutherAI/pythia-70m,5,256,step256,70426624,6,8,15,1,3,0.01197870448231697,0.0,20431.16015625
EleutherAI/pythia-70m,5,256,step256,70426624,6,8,15,1,4,0.008950168266892433,0.0,20431.16015625
EleutherAI/pythia-70m,5,256,step256,70426624,6,8,15,1,5,0.008534273132681847,0.0,20431.16015625
EleutherAI/pythia-70m,5,256,step256,70426624,6,8,15,1,6,0.01085728406906128,0.0,20431.16015625
EleutherAI/pythia-70m,5,256,step256,70426624,6,8,15,1,7,0.01043802872300148,0.0,20431.16015625
EleutherAI/pythia-70m,5,256,step256,70426624,6,8,15,2,0,0.005752868019044399,0.0,20431.16015625
EleutherAI/pythia-70m,5,256,step256,70426624,6,8,15,2,1,0.0046503073535859585,0.0,20431.16015625
EleutherAI/pythia-70m,5,256,step256,70426624,6,8,15,2,2,0.002665577456355095,0.0,20431.16015625
EleutherAI/pythia-70m,5,256,step256,70426624,6,8,15,2,3,0.015528466552495956,0.0,20431.16015625
EleutherAI/pythia-70m,5,256,step256,70426624,6,8,15,2,4,0.008965461514890194,0.0,20431.16015625
EleutherAI/pythia-70m,5,256,step256,70426624,6,8,15,2,5,0.0034517666790634394,0.0,20431.16015625
EleutherAI/pythia-70m,5,256,step256,70426624,6,8,15,2,6,0.006169797386974096,0.0,20431.16015625
EleutherAI/pythia-70m,5,256,step256,70426624,6,8,15,2,7,0.00644625723361969,0.0,20431.16015625
EleutherAI/pythia-70m,5,256,step256,70426624,6,8,15,3,0,0.0025203367695212364,0.0,20431.16015625
EleutherAI/pythia-70m,5,256,step256,70426624,6,8,15,3,1,0.003437287174165249,0.0,20431.16015625
EleutherAI/pythia-70m,5,256,step256,70426624,6,8,15,3,2,0.0028407913632690907,0.0,20431.16015625
EleutherAI/pythia-70m,5,256,step256,70426624,6,8,15,3,3,0.0030843724962323904,0.0,20431.16015625
EleutherAI/pythia-70m,5,256,step256,70426624,6,8,15,3,4,0.007213626056909561,0.0,20431.16015625
EleutherAI/pythia-70m,5,256,step256,70426624,6,8,15,3,5,0.0036694658920168877,0.0,20431.16015625
EleutherAI/pythia-70m,5,256,step256,70426624,6,8,15,3,6,0.0013446541270241141,0.0,20431.16015625
EleutherAI/pythia-70m,5,256,step256,70426624,6,8,15,3,7,0.009482551366090775,0.0,20431.16015625
EleutherAI/pythia-70m,5,256,step256,70426624,6,8,15,4,0,0.001368486788123846,0.0,20431.16015625
EleutherAI/pythia-70m,5,256,step256,70426624,6,8,15,4,1,0.0035293721593916416,0.0,20431.16015625
EleutherAI/pythia-70m,5,256,step256,70426624,6,8,15,4,2,0.007326898630708456,0.0,20431.16015625
EleutherAI/pythia-70m,5,256,step256,70426624,6,8,15,4,3,0.012819992378354073,0.0,20431.16015625
EleutherAI/pythia-70m,5,256,step256,70426624,6,8,15,4,4,0.010597032494843006,0.0,20431.16015625
EleutherAI/pythia-70m,5,256,step256,70426624,6,8,15,4,5,0.004141189157962799,0.0,20431.16015625
EleutherAI/pythia-70m,5,256,step256,70426624,6,8,15,4,6,0.0027000338304787874,0.0,20431.16015625
EleutherAI/pythia-70m,5,256,step256,70426624,6,8,15,4,7,0.0045420764945447445,0.0,20431.16015625
EleutherAI/pythia-70m,5,256,step256,70426624,6,8,15,5,0,0.00850506592541933,0.0,20431.16015625
EleutherAI/pythia-70m,5,256,step256,70426624,6,8,15,5,1,0.006317377556115389,0.0,20431.16015625
EleutherAI/pythia-70m,5,256,step256,70426624,6,8,15,5,2,0.01024296972900629,0.0,20431.16015625
EleutherAI/pythia-70m,5,256,step256,70426624,6,8,15,5,3,0.0018096104031428695,0.0,20431.16015625
EleutherAI/pythia-70m,5,256,step256,70426624,6,8,15,5,4,0.0064249783754348755,0.0,20431.16015625
EleutherAI/pythia-70m,5,256,step256,70426624,6,8,15,5,5,0.0036370086017996073,0.0,20431.16015625
EleutherAI/pythia-70m,5,256,step256,70426624,6,8,15,5,6,0.004601192660629749,0.0,20431.16015625
EleutherAI/pythia-70m,5,256,step256,70426624,6,8,15,5,7,0.0036353571340441704,0.0,20431.16015625
EleutherAI/pythia-70m,5,256,step256,70426624,6,8,16,0,0,0.0137731172144413,0.0,25019.98046875
EleutherAI/pythia-70m,5,256,step256,70426624,6,8,16,0,1,0.015423038974404335,0.0,25019.98046875
EleutherAI/pythia-70m,5,256,step256,70426624,6,8,16,0,2,0.013654041104018688,0.0,25019.98046875
EleutherAI/pythia-70m,5,256,step256,70426624,6,8,16,0,3,0.015167217701673508,0.0,25019.98046875
EleutherAI/pythia-70m,5,256,step256,70426624,6,8,16,0,4,0.014970486983656883,0.0,25019.98046875
EleutherAI/pythia-70m,5,256,step256,70426624,6,8,16,0,5,0.013253439217805862,0.0,25019.98046875
EleutherAI/pythia-70m,5,256,step256,70426624,6,8,16,0,6,0.014693186618387699,0.0,25019.98046875
EleutherAI/pythia-70m,5,256,step256,70426624,6,8,16,0,7,0.014031077735126019,0.0,25019.98046875
EleutherAI/pythia-70m,5,256,step256,70426624,6,8,16,1,0,0.007132768630981445,0.0,25019.98046875
EleutherAI/pythia-70m,5,256,step256,70426624,6,8,16,1,1,0.009164168499410152,0.0,25019.98046875
EleutherAI/pythia-70m,5,256,step256,70426624,6,8,16,1,2,0.011011041700839996,0.0,25019.98046875
EleutherAI/pythia-70m,5,256,step256,70426624,6,8,16,1,3,0.011805734597146511,0.0,25019.98046875
EleutherAI/pythia-70m,5,256,step256,70426624,6,8,16,1,4,0.0093424366787076,0.0,25019.98046875
EleutherAI/pythia-70m,5,256,step256,70426624,6,8,16,1,5,0.010331273078918457,0.0,25019.98046875
EleutherAI/pythia-70m,5,256,step256,70426624,6,8,16,1,6,0.008773758076131344,0.0,25019.98046875
EleutherAI/pythia-70m,5,256,step256,70426624,6,8,16,1,7,0.011879617348313332,0.0,25019.98046875
EleutherAI/pythia-70m,5,256,step256,70426624,6,8,16,2,0,0.006795183289796114,0.0,25019.98046875
EleutherAI/pythia-70m,5,256,step256,70426624,6,8,16,2,1,0.0073530413210392,0.0,25019.98046875
EleutherAI/pythia-70m,5,256,step256,70426624,6,8,16,2,2,0.002241486683487892,0.0,25019.98046875
EleutherAI/pythia-70m,5,256,step256,70426624,6,8,16,2,3,0.006613880395889282,0.0,25019.98046875
EleutherAI/pythia-70m,5,256,step256,70426624,6,8,16,2,4,0.00911028403788805,0.0,25019.98046875
EleutherAI/pythia-70m,5,256,step256,70426624,6,8,16,2,5,0.004274536855518818,0.0,25019.98046875
EleutherAI/pythia-70m,5,256,step256,70426624,6,8,16,2,6,0.00636711111292243,0.0,25019.98046875
EleutherAI/pythia-70m,5,256,step256,70426624,6,8,16,2,7,0.00425855815410614,0.0,25019.98046875
EleutherAI/pythia-70m,5,256,step256,70426624,6,8,16,3,0,0.002100127749145031,0.0,25019.98046875
EleutherAI/pythia-70m,5,256,step256,70426624,6,8,16,3,1,0.002525495598092675,0.0,25019.98046875
EleutherAI/pythia-70m,5,256,step256,70426624,6,8,16,3,2,0.005033743567764759,0.0,25019.98046875
EleutherAI/pythia-70m,5,256,step256,70426624,6,8,16,3,3,0.001738954335451126,0.0,25019.98046875
EleutherAI/pythia-70m,5,256,step256,70426624,6,8,16,3,4,0.005173623561859131,0.0,25019.98046875
EleutherAI/pythia-70m,5,256,step256,70426624,6,8,16,3,5,0.002956154989078641,0.0,25019.98046875
EleutherAI/pythia-70m,5,256,step256,70426624,6,8,16,3,6,0.002464892342686653,0.0,25019.98046875
EleutherAI/pythia-70m,5,256,step256,70426624,6,8,16,3,7,0.008273826912045479,0.0,25019.98046875
EleutherAI/pythia-70m,5,256,step256,70426624,6,8,16,4,0,0.002592478645965457,0.0,25019.98046875
EleutherAI/pythia-70m,5,256,step256,70426624,6,8,16,4,1,0.004106709733605385,0.0,25019.98046875
EleutherAI/pythia-70m,5,256,step256,70426624,6,8,16,4,2,0.007159312255680561,0.0,25019.98046875
EleutherAI/pythia-70m,5,256,step256,70426624,6,8,16,4,3,0.011631407774984837,0.0,25019.98046875
EleutherAI/pythia-70m,5,256,step256,70426624,6,8,16,4,4,0.010589060373604298,0.0,25019.98046875
EleutherAI/pythia-70m,5,256,step256,70426624,6,8,16,4,5,0.0032945566345006227,0.0,25019.98046875
EleutherAI/pythia-70m,5,256,step256,70426624,6,8,16,4,6,0.0033003995195031166,0.0,25019.98046875
EleutherAI/pythia-70m,5,256,step256,70426624,6,8,16,4,7,0.006788676604628563,0.0,25019.98046875
EleutherAI/pythia-70m,5,256,step256,70426624,6,8,16,5,0,0.005908099934458733,0.0,25019.98046875
EleutherAI/pythia-70m,5,256,step256,70426624,6,8,16,5,1,0.005152187310159206,0.0,25019.98046875
EleutherAI/pythia-70m,5,256,step256,70426624,6,8,16,5,2,0.01239121425896883,0.0,25019.98046875
EleutherAI/pythia-70m,5,256,step256,70426624,6,8,16,5,3,0.0033011212944984436,0.0,25019.98046875
EleutherAI/pythia-70m,5,256,step256,70426624,6,8,16,5,4,0.006307851057499647,0.0,25019.98046875
EleutherAI/pythia-70m,5,256,step256,70426624,6,8,16,5,5,0.004052951466292143,0.0,25019.98046875
EleutherAI/pythia-70m,5,256,step256,70426624,6,8,16,5,6,0.004852129612118006,0.0,25019.98046875
EleutherAI/pythia-70m,5,256,step256,70426624,6,8,16,5,7,0.007715383544564247,0.0,25019.98046875
EleutherAI/pythia-70m,5,256,step256,70426624,6,8,17,0,0,0.013434287160634995,0.0,26881.0390625
EleutherAI/pythia-70m,5,256,step256,70426624,6,8,17,0,1,0.013487493619322777,0.0,26881.0390625
EleutherAI/pythia-70m,5,256,step256,70426624,6,8,17,0,2,0.014694496057927608,0.0,26881.0390625
EleutherAI/pythia-70m,5,256,step256,70426624,6,8,17,0,3,0.013971030712127686,0.0,26881.0390625
EleutherAI/pythia-70m,5,256,step256,70426624,6,8,17,0,4,0.0131452651694417,0.0,26881.0390625
EleutherAI/pythia-70m,5,256,step256,70426624,6,8,17,0,5,0.01299073826521635,0.0,26881.0390625
EleutherAI/pythia-70m,5,256,step256,70426624,6,8,17,0,6,0.01354563795030117,0.0,26881.0390625
EleutherAI/pythia-70m,5,256,step256,70426624,6,8,17,0,7,0.012942352332174778,0.0,26881.0390625
EleutherAI/pythia-70m,5,256,step256,70426624,6,8,17,1,0,0.010663003660738468,0.0,26881.0390625
EleutherAI/pythia-70m,5,256,step256,70426624,6,8,17,1,1,0.009514102712273598,0.0,26881.0390625
EleutherAI/pythia-70m,5,256,step256,70426624,6,8,17,1,2,0.010100534185767174,0.0,26881.0390625
EleutherAI/pythia-70m,5,256,step256,70426624,6,8,17,1,3,0.013591434806585312,0.0,26881.0390625
EleutherAI/pythia-70m,5,256,step256,70426624,6,8,17,1,4,0.01067187637090683,0.0,26881.0390625
EleutherAI/pythia-70m,5,256,step256,70426624,6,8,17,1,5,0.00820616353303194,0.0,26881.0390625
EleutherAI/pythia-70m,5,256,step256,70426624,6,8,17,1,6,0.010668189264833927,0.0,26881.0390625
EleutherAI/pythia-70m,5,256,step256,70426624,6,8,17,1,7,0.011071077547967434,0.0,26881.0390625
EleutherAI/pythia-70m,5,256,step256,70426624,6,8,17,2,0,0.006610180716961622,0.0,26881.0390625
EleutherAI/pythia-70m,5,256,step256,70426624,6,8,17,2,1,0.00884980708360672,0.0,26881.0390625
EleutherAI/pythia-70m,5,256,step256,70426624,6,8,17,2,2,0.0032867067493498325,0.0,26881.0390625
EleutherAI/pythia-70m,5,256,step256,70426624,6,8,17,2,3,0.007638788316398859,0.0,26881.0390625
EleutherAI/pythia-70m,5,256,step256,70426624,6,8,17,2,4,0.00891429278999567,0.0,26881.0390625
EleutherAI/pythia-70m,5,256,step256,70426624,6,8,17,2,5,0.006618012208491564,0.0,26881.0390625
EleutherAI/pythia-70m,5,256,step256,70426624,6,8,17,2,6,0.0030272630974650383,0.0,26881.0390625
EleutherAI/pythia-70m,5,256,step256,70426624,6,8,17,2,7,0.006586179602891207,0.0,26881.0390625
EleutherAI/pythia-70m,5,256,step256,70426624,6,8,17,3,0,0.0037376920226961374,0.0,26881.0390625
EleutherAI/pythia-70m,5,256,step256,70426624,6,8,17,3,1,0.002951415255665779,0.0,26881.0390625
EleutherAI/pythia-70m,5,256,step256,70426624,6,8,17,3,2,0.004709965083748102,0.0,26881.0390625
EleutherAI/pythia-70m,5,256,step256,70426624,6,8,17,3,3,0.002693640999495983,0.0,26881.0390625
EleutherAI/pythia-70m,5,256,step256,70426624,6,8,17,3,4,0.005407328717410564,0.0,26881.0390625
EleutherAI/pythia-70m,5,256,step256,70426624,6,8,17,3,5,0.00361626292578876,0.0,26881.0390625
EleutherAI/pythia-70m,5,256,step256,70426624,6,8,17,3,6,0.0022347315680235624,0.0,26881.0390625
EleutherAI/pythia-70m,5,256,step256,70426624,6,8,17,3,7,0.008651474490761757,0.0,26881.0390625
EleutherAI/pythia-70m,5,256,step256,70426624,6,8,17,4,0,0.0034033770207315683,0.0,26881.0390625
EleutherAI/pythia-70m,5,256,step256,70426624,6,8,17,4,1,0.0037480047903954983,0.0,26881.0390625
EleutherAI/pythia-70m,5,256,step256,70426624,6,8,17,4,2,0.007752716541290283,0.0,26881.0390625
EleutherAI/pythia-70m,5,256,step256,70426624,6,8,17,4,3,0.01643337309360504,0.0,26881.0390625
EleutherAI/pythia-70m,5,256,step256,70426624,6,8,17,4,4,0.011255050078034401,0.0,26881.0390625
EleutherAI/pythia-70m,5,256,step256,70426624,6,8,17,4,5,0.004593264311552048,0.0,26881.0390625
EleutherAI/pythia-70m,5,256,step256,70426624,6,8,17,4,6,0.0036021980922669172,0.0,26881.0390625
EleutherAI/pythia-70m,5,256,step256,70426624,6,8,17,4,7,0.004638068377971649,0.0,26881.0390625
EleutherAI/pythia-70m,5,256,step256,70426624,6,8,17,5,0,0.00961209088563919,0.0,26881.0390625
EleutherAI/pythia-70m,5,256,step256,70426624,6,8,17,5,1,0.00598871661350131,0.0,26881.0390625
EleutherAI/pythia-70m,5,256,step256,70426624,6,8,17,5,2,0.010467451997101307,0.0,26881.0390625
EleutherAI/pythia-70m,5,256,step256,70426624,6,8,17,5,3,0.0024641091004014015,0.0,26881.0390625
EleutherAI/pythia-70m,5,256,step256,70426624,6,8,17,5,4,0.008216275833547115,0.0,26881.0390625
EleutherAI/pythia-70m,5,256,step256,70426624,6,8,17,5,5,0.006672670133411884,0.0,26881.0390625
EleutherAI/pythia-70m,5,256,step256,70426624,6,8,17,5,6,0.008085982874035835,0.0,26881.0390625
EleutherAI/pythia-70m,5,256,step256,70426624,6,8,17,5,7,0.004178083501756191,0.0,26881.0390625
EleutherAI/pythia-70m,5,256,step256,70426624,6,8,18,0,0,0.013626564294099808,0.0,26872.080078125
EleutherAI/pythia-70m,5,256,step256,70426624,6,8,18,0,1,0.014596163295209408,0.0,26872.080078125
EleutherAI/pythia-70m,5,256,step256,70426624,6,8,18,0,2,0.013155910186469555,0.0,26872.080078125
EleutherAI/pythia-70m,5,256,step256,70426624,6,8,18,0,3,0.013108892366290092,0.0,26872.080078125
EleutherAI/pythia-70m,5,256,step256,70426624,6,8,18,0,4,0.01300880778580904,0.0,26872.080078125
EleutherAI/pythia-70m,5,256,step256,70426624,6,8,18,0,5,0.014152321964502335,0.0,26872.080078125
EleutherAI/pythia-70m,5,256,step256,70426624,6,8,18,0,6,0.013822969049215317,0.0,26872.080078125
EleutherAI/pythia-70m,5,256,step256,70426624,6,8,18,0,7,0.014853074215352535,0.0,26872.080078125
EleutherAI/pythia-70m,5,256,step256,70426624,6,8,18,1,0,0.008709507994353771,0.0,26872.080078125
EleutherAI/pythia-70m,5,256,step256,70426624,6,8,18,1,1,0.009966942481696606,0.0,26872.080078125
EleutherAI/pythia-70m,5,256,step256,70426624,6,8,18,1,2,0.011097508482635021,0.0,26872.080078125
EleutherAI/pythia-70m,5,256,step256,70426624,6,8,18,1,3,0.011058117263019085,0.0,26872.080078125
EleutherAI/pythia-70m,5,256,step256,70426624,6,8,18,1,4,0.010232362896203995,0.0,26872.080078125
EleutherAI/pythia-70m,5,256,step256,70426624,6,8,18,1,5,0.009390616789460182,0.0,26872.080078125
EleutherAI/pythia-70m,5,256,step256,70426624,6,8,18,1,6,0.01004185900092125,0.0,26872.080078125
EleutherAI/pythia-70m,5,256,step256,70426624,6,8,18,1,7,0.010289778932929039,0.0,26872.080078125
EleutherAI/pythia-70m,5,256,step256,70426624,6,8,18,2,0,0.0074268970638513565,0.0,26872.080078125
EleutherAI/pythia-70m,5,256,step256,70426624,6,8,18,2,1,0.010321316309273243,0.0,26872.080078125
EleutherAI/pythia-70m,5,256,step256,70426624,6,8,18,2,2,0.002911466406658292,0.0,26872.080078125
EleutherAI/pythia-70m,5,256,step256,70426624,6,8,18,2,3,0.00777252484112978,0.0,26872.080078125
EleutherAI/pythia-70m,5,256,step256,70426624,6,8,18,2,4,0.012417149730026722,0.0,26872.080078125
EleutherAI/pythia-70m,5,256,step256,70426624,6,8,18,2,5,0.005475267767906189,0.0,26872.080078125
EleutherAI/pythia-70m,5,256,step256,70426624,6,8,18,2,6,0.004792436491698027,0.0,26872.080078125
EleutherAI/pythia-70m,5,256,step256,70426624,6,8,18,2,7,0.006660801824182272,0.0,26872.080078125
EleutherAI/pythia-70m,5,256,step256,70426624,6,8,18,3,0,0.0048907604068517685,0.0,26872.080078125
EleutherAI/pythia-70m,5,256,step256,70426624,6,8,18,3,1,0.0037246432621032,0.0,26872.080078125
EleutherAI/pythia-70m,5,256,step256,70426624,6,8,18,3,2,0.004211817402392626,0.0,26872.080078125
EleutherAI/pythia-70m,5,256,step256,70426624,6,8,18,3,3,0.0019924137741327286,0.0,26872.080078125
EleutherAI/pythia-70m,5,256,step256,70426624,6,8,18,3,4,0.006368718110024929,0.0,26872.080078125
EleutherAI/pythia-70m,5,256,step256,70426624,6,8,18,3,5,0.003016042523086071,0.0,26872.080078125
EleutherAI/pythia-70m,5,256,step256,70426624,6,8,18,3,6,0.0027838570531457663,0.0,26872.080078125
EleutherAI/pythia-70m,5,256,step256,70426624,6,8,18,3,7,0.010199439711868763,0.0,26872.080078125
EleutherAI/pythia-70m,5,256,step256,70426624,6,8,18,4,0,0.00225842441432178,0.0,26872.080078125
EleutherAI/pythia-70m,5,256,step256,70426624,6,8,18,4,1,0.0034006682690232992,0.0,26872.080078125
EleutherAI/pythia-70m,5,256,step256,70426624,6,8,18,4,2,0.008059502579271793,0.0,26872.080078125
EleutherAI/pythia-70m,5,256,step256,70426624,6,8,18,4,3,0.013709250837564468,0.0,26872.080078125
EleutherAI/pythia-70m,5,256,step256,70426624,6,8,18,4,4,0.009631049819290638,0.0,26872.080078125
EleutherAI/pythia-70m,5,256,step256,70426624,6,8,18,4,5,0.004797725472599268,0.0,26872.080078125
EleutherAI/pythia-70m,5,256,step256,70426624,6,8,18,4,6,0.0028156035114079714,0.0,26872.080078125
EleutherAI/pythia-70m,5,256,step256,70426624,6,8,18,4,7,0.004931044764816761,0.0,26872.080078125
EleutherAI/pythia-70m,5,256,step256,70426624,6,8,18,5,0,0.007886816747486591,0.0,26872.080078125
EleutherAI/pythia-70m,5,256,step256,70426624,6,8,18,5,1,0.011705516837537289,0.0,26872.080078125
EleutherAI/pythia-70m,5,256,step256,70426624,6,8,18,5,2,0.009582784958183765,0.0,26872.080078125
EleutherAI/pythia-70m,5,256,step256,70426624,6,8,18,5,3,0.0026935299392789602,0.0,26872.080078125
EleutherAI/pythia-70m,5,256,step256,70426624,6,8,18,5,4,0.006344008259475231,0.0,26872.080078125
EleutherAI/pythia-70m,5,256,step256,70426624,6,8,18,5,5,0.006050759926438332,0.0,26872.080078125
EleutherAI/pythia-70m,5,256,step256,70426624,6,8,18,5,6,0.005150189623236656,0.0,26872.080078125
EleutherAI/pythia-70m,5,256,step256,70426624,6,8,18,5,7,0.004660546779632568,0.0,26872.080078125
EleutherAI/pythia-70m,5,256,step256,70426624,6,8,19,0,0,0.013290050439536572,0.0,25032.140625
EleutherAI/pythia-70m,5,256,step256,70426624,6,8,19,0,1,0.015315975993871689,0.0,25032.140625
EleutherAI/pythia-70m,5,256,step256,70426624,6,8,19,0,2,0.012273520231246948,0.0,25032.140625
EleutherAI/pythia-70m,5,256,step256,70426624,6,8,19,0,3,0.013022486120462418,0.0,25032.140625
EleutherAI/pythia-70m,5,256,step256,70426624,6,8,19,0,4,0.013840657658874989,0.0,25032.140625
EleutherAI/pythia-70m,5,256,step256,70426624,6,8,19,0,5,0.01462046429514885,0.0,25032.140625
EleutherAI/pythia-70m,5,256,step256,70426624,6,8,19,0,6,0.014601814560592175,0.0,25032.140625
EleutherAI/pythia-70m,5,256,step256,70426624,6,8,19,0,7,0.013064597733318806,0.0,25032.140625
EleutherAI/pythia-70m,5,256,step256,70426624,6,8,19,1,0,0.00965798832476139,0.0,25032.140625
EleutherAI/pythia-70m,5,256,step256,70426624,6,8,19,1,1,0.007530116010457277,0.0,25032.140625
EleutherAI/pythia-70m,5,256,step256,70426624,6,8,19,1,2,0.009934108704328537,0.0,25032.140625
EleutherAI/pythia-70m,5,256,step256,70426624,6,8,19,1,3,0.012411589734256268,0.0,25032.140625
EleutherAI/pythia-70m,5,256,step256,70426624,6,8,19,1,4,0.01187173929065466,0.0,25032.140625
EleutherAI/pythia-70m,5,256,step256,70426624,6,8,19,1,5,0.007707161828875542,0.0,25032.140625
EleutherAI/pythia-70m,5,256,step256,70426624,6,8,19,1,6,0.009921634569764137,0.0,25032.140625
EleutherAI/pythia-70m,5,256,step256,70426624,6,8,19,1,7,0.010611271485686302,0.0,25032.140625
EleutherAI/pythia-70m,5,256,step256,70426624,6,8,19,2,0,0.005632434971630573,0.0,25032.140625
EleutherAI/pythia-70m,5,256,step256,70426624,6,8,19,2,1,0.006389737129211426,0.0,25032.140625
EleutherAI/pythia-70m,5,256,step256,70426624,6,8,19,2,2,0.001862816046923399,0.0,25032.140625
EleutherAI/pythia-70m,5,256,step256,70426624,6,8,19,2,3,0.006709443870931864,0.0,25032.140625
EleutherAI/pythia-70m,5,256,step256,70426624,6,8,19,2,4,0.009949574247002602,0.0,25032.140625
EleutherAI/pythia-70m,5,256,step256,70426624,6,8,19,2,5,0.00575857562944293,0.0,25032.140625
EleutherAI/pythia-70m,5,256,step256,70426624,6,8,19,2,6,0.003514508018270135,0.0,25032.140625
EleutherAI/pythia-70m,5,256,step256,70426624,6,8,19,2,7,0.0068586720153689384,0.0,25032.140625
EleutherAI/pythia-70m,5,256,step256,70426624,6,8,19,3,0,0.004115693271160126,0.0,25032.140625
EleutherAI/pythia-70m,5,256,step256,70426624,6,8,19,3,1,0.004064318258315325,0.0,25032.140625
EleutherAI/pythia-70m,5,256,step256,70426624,6,8,19,3,2,0.004246236756443977,0.0,25032.140625
EleutherAI/pythia-70m,5,256,step256,70426624,6,8,19,3,3,0.0031265178695321083,0.0,25032.140625
EleutherAI/pythia-70m,5,256,step256,70426624,6,8,19,3,4,0.010039598681032658,0.0,25032.140625
EleutherAI/pythia-70m,5,256,step256,70426624,6,8,19,3,5,0.004549887031316757,0.0,25032.140625
EleutherAI/pythia-70m,5,256,step256,70426624,6,8,19,3,6,0.002117570023983717,0.0,25032.140625
EleutherAI/pythia-70m,5,256,step256,70426624,6,8,19,3,7,0.010382372885942459,0.0,25032.140625
EleutherAI/pythia-70m,5,256,step256,70426624,6,8,19,4,0,0.002211975632235408,0.0,25032.140625
EleutherAI/pythia-70m,5,256,step256,70426624,6,8,19,4,1,0.006339080166071653,0.0,25032.140625
EleutherAI/pythia-70m,5,256,step256,70426624,6,8,19,4,2,0.008173168636858463,0.0,25032.140625
EleutherAI/pythia-70m,5,256,step256,70426624,6,8,19,4,3,0.010228971019387245,0.0,25032.140625
EleutherAI/pythia-70m,5,256,step256,70426624,6,8,19,4,4,0.01200845930725336,0.0,25032.140625
EleutherAI/pythia-70m,5,256,step256,70426624,6,8,19,4,5,0.006457837764173746,0.0,25032.140625
EleutherAI/pythia-70m,5,256,step256,70426624,6,8,19,4,6,0.003996549639850855,0.0,25032.140625
EleutherAI/pythia-70m,5,256,step256,70426624,6,8,19,4,7,0.005975784733891487,0.0,25032.140625
EleutherAI/pythia-70m,5,256,step256,70426624,6,8,19,5,0,0.006828216835856438,0.0,25032.140625
EleutherAI/pythia-70m,5,256,step256,70426624,6,8,19,5,1,0.012444820255041122,0.0,25032.140625
EleutherAI/pythia-70m,5,256,step256,70426624,6,8,19,5,2,0.011189124546945095,0.0,25032.140625
EleutherAI/pythia-70m,5,256,step256,70426624,6,8,19,5,3,0.0035873439628630877,0.0,25032.140625
EleutherAI/pythia-70m,5,256,step256,70426624,6,8,19,5,4,0.005434518679976463,0.0,25032.140625
EleutherAI/pythia-70m,5,256,step256,70426624,6,8,19,5,5,0.004327123053371906,0.0,25032.140625
EleutherAI/pythia-70m,5,256,step256,70426624,6,8,19,5,6,0.010280893184244633,0.0,25032.140625
EleutherAI/pythia-70m,5,256,step256,70426624,6,8,19,5,7,0.006695655174553394,0.0,25032.140625
EleutherAI/pythia-70m,5,256,step256,70426624,6,8,20,0,0,0.015364360995590687,0.0,24523.439453125
EleutherAI/pythia-70m,5,256,step256,70426624,6,8,20,0,1,0.014025561511516571,0.0,24523.439453125
EleutherAI/pythia-70m,5,256,step256,70426624,6,8,20,0,2,0.014011797495186329,0.0,24523.439453125
EleutherAI/pythia-70m,5,256,step256,70426624,6,8,20,0,3,0.014950113371014595,0.0,24523.439453125
EleutherAI/pythia-70m,5,256,step256,70426624,6,8,20,0,4,0.014644121751189232,0.0,24523.439453125
EleutherAI/pythia-70m,5,256,step256,70426624,6,8,20,0,5,0.012897644191980362,0.0,24523.439453125
EleutherAI/pythia-70m,5,256,step256,70426624,6,8,20,0,6,0.013731449842453003,0.0,24523.439453125
EleutherAI/pythia-70m,5,256,step256,70426624,6,8,20,0,7,0.01284256111830473,0.0,24523.439453125
EleutherAI/pythia-70m,5,256,step256,70426624,6,8,20,1,0,0.007125230506062508,0.0,24523.439453125
EleutherAI/pythia-70m,5,256,step256,70426624,6,8,20,1,1,0.009784444235265255,0.0,24523.439453125
EleutherAI/pythia-70m,5,256,step256,70426624,6,8,20,1,2,0.010482409968972206,0.0,24523.439453125
EleutherAI/pythia-70m,5,256,step256,70426624,6,8,20,1,3,0.01287681981921196,0.0,24523.439453125
EleutherAI/pythia-70m,5,256,step256,70426624,6,8,20,1,4,0.010560492053627968,0.0,24523.439453125
EleutherAI/pythia-70m,5,256,step256,70426624,6,8,20,1,5,0.00865264143794775,0.0,24523.439453125
EleutherAI/pythia-70m,5,256,step256,70426624,6,8,20,1,6,0.011493396013975143,0.0,24523.439453125
EleutherAI/pythia-70m,5,256,step256,70426624,6,8,20,1,7,0.01141995470970869,0.0,24523.439453125
EleutherAI/pythia-70m,5,256,step256,70426624,6,8,20,2,0,0.0063520390540361404,0.0,24523.439453125
EleutherAI/pythia-70m,5,256,step256,70426624,6,8,20,2,1,0.006093822885304689,0.0,24523.439453125
EleutherAI/pythia-70m,5,256,step256,70426624,6,8,20,2,2,0.004643039312213659,0.0,24523.439453125
EleutherAI/pythia-70m,5,256,step256,70426624,6,8,20,2,3,0.00837140902876854,0.0,24523.439453125
EleutherAI/pythia-70m,5,256,step256,70426624,6,8,20,2,4,0.011303756386041641,0.0,24523.439453125
EleutherAI/pythia-70m,5,256,step256,70426624,6,8,20,2,5,0.00548368226736784,0.0,24523.439453125
EleutherAI/pythia-70m,5,256,step256,70426624,6,8,20,2,6,0.005142820533365011,0.0,24523.439453125
EleutherAI/pythia-70m,5,256,step256,70426624,6,8,20,2,7,0.007252058479934931,0.0,24523.439453125
EleutherAI/pythia-70m,5,256,step256,70426624,6,8,20,3,0,0.004676128271967173,0.0,24523.439453125
EleutherAI/pythia-70m,5,256,step256,70426624,6,8,20,3,1,0.004194422159343958,0.0,24523.439453125
EleutherAI/pythia-70m,5,256,step256,70426624,6,8,20,3,2,0.005795205943286419,0.0,24523.439453125
EleutherAI/pythia-70m,5,256,step256,70426624,6,8,20,3,3,0.0036043841391801834,0.0,24523.439453125
EleutherAI/pythia-70m,5,256,step256,70426624,6,8,20,3,4,0.010230575688183308,0.0,24523.439453125
EleutherAI/pythia-70m,5,256,step256,70426624,6,8,20,3,5,0.0037210509181022644,0.0,24523.439453125
EleutherAI/pythia-70m,5,256,step256,70426624,6,8,20,3,6,0.002628274029120803,0.0,24523.439453125
EleutherAI/pythia-70m,5,256,step256,70426624,6,8,20,3,7,0.010663582012057304,0.0,24523.439453125
EleutherAI/pythia-70m,5,256,step256,70426624,6,8,20,4,0,0.0030730487778782845,0.0,24523.439453125
EleutherAI/pythia-70m,5,256,step256,70426624,6,8,20,4,1,0.008841684088110924,0.0,24523.439453125
EleutherAI/pythia-70m,5,256,step256,70426624,6,8,20,4,2,0.00876146275550127,0.0,24523.439453125
EleutherAI/pythia-70m,5,256,step256,70426624,6,8,20,4,3,0.015667099505662918,0.0,24523.439453125
EleutherAI/pythia-70m,5,256,step256,70426624,6,8,20,4,4,0.007647606544196606,0.0,24523.439453125
EleutherAI/pythia-70m,5,256,step256,70426624,6,8,20,4,5,0.005858382675796747,0.0,24523.439453125
EleutherAI/pythia-70m,5,256,step256,70426624,6,8,20,4,6,0.005414177663624287,0.0,24523.439453125
EleutherAI/pythia-70m,5,256,step256,70426624,6,8,20,4,7,0.007653361186385155,0.0,24523.439453125
EleutherAI/pythia-70m,5,256,step256,70426624,6,8,20,5,0,0.007364291697740555,0.0,24523.439453125
EleutherAI/pythia-70m,5,256,step256,70426624,6,8,20,5,1,0.008809693157672882,0.0,24523.439453125
EleutherAI/pythia-70m,5,256,step256,70426624,6,8,20,5,2,0.011012963950634003,0.0,24523.439453125
EleutherAI/pythia-70m,5,256,step256,70426624,6,8,20,5,3,0.004218087065964937,0.0,24523.439453125
EleutherAI/pythia-70m,5,256,step256,70426624,6,8,20,5,4,0.010024371556937695,0.0,24523.439453125
EleutherAI/pythia-70m,5,256,step256,70426624,6,8,20,5,5,0.004864144138991833,0.0,24523.439453125
EleutherAI/pythia-70m,5,256,step256,70426624,6,8,20,5,6,0.007961996830999851,0.0,24523.439453125
EleutherAI/pythia-70m,5,256,step256,70426624,6,8,20,5,7,0.005021337419748306,0.0,24523.439453125
EleutherAI/pythia-70m,5,256,step256,70426624,6,8,21,0,0,0.013663491234183311,0.0,25986.83984375
EleutherAI/pythia-70m,5,256,step256,70426624,6,8,21,0,1,0.014536675065755844,0.0,25986.83984375
EleutherAI/pythia-70m,5,256,step256,70426624,6,8,21,0,2,0.0128247682005167,0.0,25986.83984375
EleutherAI/pythia-70m,5,256,step256,70426624,6,8,21,0,3,0.013114232569932938,0.0,25986.83984375
EleutherAI/pythia-70m,5,256,step256,70426624,6,8,21,0,4,0.015461232513189316,0.0,25986.83984375
EleutherAI/pythia-70m,5,256,step256,70426624,6,8,21,0,5,0.014536619186401367,0.0,25986.83984375
EleutherAI/pythia-70m,5,256,step256,70426624,6,8,21,0,6,0.012441230937838554,0.0,25986.83984375
EleutherAI/pythia-70m,5,256,step256,70426624,6,8,21,0,7,0.014167480170726776,0.0,25986.83984375
EleutherAI/pythia-70m,5,256,step256,70426624,6,8,21,1,0,0.008364942856132984,0.0,25986.83984375
EleutherAI/pythia-70m,5,256,step256,70426624,6,8,21,1,1,0.009153849445283413,0.0,25986.83984375
EleutherAI/pythia-70m,5,256,step256,70426624,6,8,21,1,2,0.010378880426287651,0.0,25986.83984375
EleutherAI/pythia-70m,5,256,step256,70426624,6,8,21,1,3,0.011532804928719997,0.0,25986.83984375
EleutherAI/pythia-70m,5,256,step256,70426624,6,8,21,1,4,0.008696123957633972,0.0,25986.83984375
EleutherAI/pythia-70m,5,256,step256,70426624,6,8,21,1,5,0.005886439699679613,0.0,25986.83984375
EleutherAI/pythia-70m,5,256,step256,70426624,6,8,21,1,6,0.010056332685053349,0.0,25986.83984375
EleutherAI/pythia-70m,5,256,step256,70426624,6,8,21,1,7,0.013462151400744915,0.0,25986.83984375
EleutherAI/pythia-70m,5,256,step256,70426624,6,8,21,2,0,0.005894569214433432,0.0,25986.83984375
EleutherAI/pythia-70m,5,256,step256,70426624,6,8,21,2,1,0.0065963659435510635,0.0,25986.83984375
EleutherAI/pythia-70m,5,256,step256,70426624,6,8,21,2,2,0.0030391840264201164,0.0,25986.83984375
EleutherAI/pythia-70m,5,256,step256,70426624,6,8,21,2,3,0.008170392364263535,0.0,25986.83984375
EleutherAI/pythia-70m,5,256,step256,70426624,6,8,21,2,4,0.011409450322389603,0.0,25986.83984375
EleutherAI/pythia-70m,5,256,step256,70426624,6,8,21,2,5,0.0065926178358495235,0.0,25986.83984375
EleutherAI/pythia-70m,5,256,step256,70426624,6,8,21,2,6,0.005067301448434591,0.0,25986.83984375
EleutherAI/pythia-70m,5,256,step256,70426624,6,8,21,2,7,0.0065428693778812885,0.0,25986.83984375
EleutherAI/pythia-70m,5,256,step256,70426624,6,8,21,3,0,0.004737459123134613,0.0,25986.83984375
EleutherAI/pythia-70m,5,256,step256,70426624,6,8,21,3,1,0.003594364505261183,0.0,25986.83984375
EleutherAI/pythia-70m,5,256,step256,70426624,6,8,21,3,2,0.004822899587452412,0.0,25986.83984375
EleutherAI/pythia-70m,5,256,step256,70426624,6,8,21,3,3,0.0018742186948657036,0.0,25986.83984375
EleutherAI/pythia-70m,5,256,step256,70426624,6,8,21,3,4,0.00898231752216816,0.0,25986.83984375
EleutherAI/pythia-70m,5,256,step256,70426624,6,8,21,3,5,0.002901315689086914,0.0,25986.83984375
EleutherAI/pythia-70m,5,256,step256,70426624,6,8,21,3,6,0.0035416476894170046,0.0,25986.83984375
EleutherAI/pythia-70m,5,256,step256,70426624,6,8,21,3,7,0.008764659985899925,0.0,25986.83984375
EleutherAI/pythia-70m,5,256,step256,70426624,6,8,21,4,0,0.003053647466003895,0.0,25986.83984375
EleutherAI/pythia-70m,5,256,step256,70426624,6,8,21,4,1,0.005113675724714994,0.0,25986.83984375
EleutherAI/pythia-70m,5,256,step256,70426624,6,8,21,4,2,0.006975145544856787,0.0,25986.83984375
EleutherAI/pythia-70m,5,256,step256,70426624,6,8,21,4,3,0.013165583834052086,0.0,25986.83984375
EleutherAI/pythia-70m,5,256,step256,70426624,6,8,21,4,4,0.009540879167616367,0.0,25986.83984375
EleutherAI/pythia-70m,5,256,step256,70426624,6,8,21,4,5,0.005548385437577963,0.0,25986.83984375
EleutherAI/pythia-70m,5,256,step256,70426624,6,8,21,4,6,0.003427057759836316,0.0,25986.83984375
EleutherAI/pythia-70m,5,256,step256,70426624,6,8,21,4,7,0.006315938197076321,0.0,25986.83984375
EleutherAI/pythia-70m,5,256,step256,70426624,6,8,21,5,0,0.010487926192581654,0.0,25986.83984375
EleutherAI/pythia-70m,5,256,step256,70426624,6,8,21,5,1,0.008386306464672089,0.0,25986.83984375
EleutherAI/pythia-70m,5,256,step256,70426624,6,8,21,5,2,0.011269585229456425,0.0,25986.83984375
EleutherAI/pythia-70m,5,256,step256,70426624,6,8,21,5,3,0.0033518802374601364,0.0,25986.83984375
EleutherAI/pythia-70m,5,256,step256,70426624,6,8,21,5,4,0.008433949202299118,0.0,25986.83984375
EleutherAI/pythia-70m,5,256,step256,70426624,6,8,21,5,5,0.0050046686083078384,0.0,25986.83984375
EleutherAI/pythia-70m,5,256,step256,70426624,6,8,21,5,6,0.0063885413110256195,0.0,25986.83984375
EleutherAI/pythia-70m,5,256,step256,70426624,6,8,21,5,7,0.005176950246095657,0.0,25986.83984375
EleutherAI/pythia-70m,5,256,step256,70426624,6,8,22,0,0,0.012806851416826248,0.0,25387.01953125
EleutherAI/pythia-70m,5,256,step256,70426624,6,8,22,0,1,0.01404228713363409,0.0,25387.01953125
EleutherAI/pythia-70m,5,256,step256,70426624,6,8,22,0,2,0.012814009562134743,0.0,25387.01953125
EleutherAI/pythia-70m,5,256,step256,70426624,6,8,22,0,3,0.013122089207172394,0.0,25387.01953125
EleutherAI/pythia-70m,5,256,step256,70426624,6,8,22,0,4,0.01384422741830349,0.0,25387.01953125
EleutherAI/pythia-70m,5,256,step256,70426624,6,8,22,0,5,0.01345882099121809,0.0,25387.01953125
EleutherAI/pythia-70m,5,256,step256,70426624,6,8,22,0,6,0.015071563422679901,0.0,25387.01953125
EleutherAI/pythia-70m,5,256,step256,70426624,6,8,22,0,7,0.013870938681066036,0.0,25387.01953125
EleutherAI/pythia-70m,5,256,step256,70426624,6,8,22,1,0,0.008239948190748692,0.0,25387.01953125
EleutherAI/pythia-70m,5,256,step256,70426624,6,8,22,1,1,0.010099509730935097,0.0,25387.01953125
EleutherAI/pythia-70m,5,256,step256,70426624,6,8,22,1,2,0.009808001108467579,0.0,25387.01953125
EleutherAI/pythia-70m,5,256,step256,70426624,6,8,22,1,3,0.011864546686410904,0.0,25387.01953125
EleutherAI/pythia-70m,5,256,step256,70426624,6,8,22,1,4,0.010804977267980576,0.0,25387.01953125
EleutherAI/pythia-70m,5,256,step256,70426624,6,8,22,1,5,0.00903281383216381,0.0,25387.01953125
EleutherAI/pythia-70m,5,256,step256,70426624,6,8,22,1,6,0.008964323438704014,0.0,25387.01953125
EleutherAI/pythia-70m,5,256,step256,70426624,6,8,22,1,7,0.012252874672412872,0.0,25387.01953125
EleutherAI/pythia-70m,5,256,step256,70426624,6,8,22,2,0,0.005488134454935789,0.0,25387.01953125
EleutherAI/pythia-70m,5,256,step256,70426624,6,8,22,2,1,0.010024542920291424,0.0,25387.01953125
EleutherAI/pythia-70m,5,256,step256,70426624,6,8,22,2,2,0.0036702919751405716,0.0,25387.01953125
EleutherAI/pythia-70m,5,256,step256,70426624,6,8,22,2,3,0.006705249659717083,0.0,25387.01953125
EleutherAI/pythia-70m,5,256,step256,70426624,6,8,22,2,4,0.008546857163310051,0.0,25387.01953125
EleutherAI/pythia-70m,5,256,step256,70426624,6,8,22,2,5,0.0049503459595143795,0.0,25387.01953125
EleutherAI/pythia-70m,5,256,step256,70426624,6,8,22,2,6,0.004219352267682552,0.0,25387.01953125
EleutherAI/pythia-70m,5,256,step256,70426624,6,8,22,2,7,0.006054623052477837,0.0,25387.01953125
EleutherAI/pythia-70m,5,256,step256,70426624,6,8,22,3,0,0.0038419305346906185,0.0,25387.01953125
EleutherAI/pythia-70m,5,256,step256,70426624,6,8,22,3,1,0.0041102152317762375,0.0,25387.01953125
EleutherAI/pythia-70m,5,256,step256,70426624,6,8,22,3,2,0.0047967941500246525,0.0,25387.01953125
EleutherAI/pythia-70m,5,256,step256,70426624,6,8,22,3,3,0.002270573517307639,0.0,25387.01953125
EleutherAI/pythia-70m,5,256,step256,70426624,6,8,22,3,4,0.015373226255178452,0.0,25387.01953125
EleutherAI/pythia-70m,5,256,step256,70426624,6,8,22,3,5,0.0034172122832387686,0.0,25387.01953125
EleutherAI/pythia-70m,5,256,step256,70426624,6,8,22,3,6,0.002745184348896146,0.0,25387.01953125
EleutherAI/pythia-70m,5,256,step256,70426624,6,8,22,3,7,0.010739799588918686,0.0,25387.01953125
EleutherAI/pythia-70m,5,256,step256,70426624,6,8,22,4,0,0.0031825636979192495,0.0,25387.01953125
EleutherAI/pythia-70m,5,256,step256,70426624,6,8,22,4,1,0.004141319543123245,0.0,25387.01953125
EleutherAI/pythia-70m,5,256,step256,70426624,6,8,22,4,2,0.00872634258121252,0.0,25387.01953125
EleutherAI/pythia-70m,5,256,step256,70426624,6,8,22,4,3,0.012371774762868881,0.0,25387.01953125
EleutherAI/pythia-70m,5,256,step256,70426624,6,8,22,4,4,0.011114644818007946,0.0,25387.01953125
EleutherAI/pythia-70m,5,256,step256,70426624,6,8,22,4,5,0.006225268822163343,0.0,25387.01953125
EleutherAI/pythia-70m,5,256,step256,70426624,6,8,22,4,6,0.003232798306271434,0.0,25387.01953125
EleutherAI/pythia-70m,5,256,step256,70426624,6,8,22,4,7,0.007901638746261597,0.0,25387.01953125
EleutherAI/pythia-70m,5,256,step256,70426624,6,8,22,5,0,0.009378278627991676,0.0,25387.01953125
EleutherAI/pythia-70m,5,256,step256,70426624,6,8,22,5,1,0.006408384069800377,0.0,25387.01953125
EleutherAI/pythia-70m,5,256,step256,70426624,6,8,22,5,2,0.01265574898570776,0.0,25387.01953125
EleutherAI/pythia-70m,5,256,step256,70426624,6,8,22,5,3,0.00449279835447669,0.0,25387.01953125
EleutherAI/pythia-70m,5,256,step256,70426624,6,8,22,5,4,0.006847229786217213,0.0,25387.01953125
EleutherAI/pythia-70m,5,256,step256,70426624,6,8,22,5,5,0.00405036099255085,0.0,25387.01953125
EleutherAI/pythia-70m,5,256,step256,70426624,6,8,22,5,6,0.008099881932139397,0.0,25387.01953125
EleutherAI/pythia-70m,5,256,step256,70426624,6,8,22,5,7,0.006654095835983753,0.0,25387.01953125
EleutherAI/pythia-70m,5,256,step256,70426624,6,8,23,0,0,0.012475425377488136,0.0,23238.099609375
EleutherAI/pythia-70m,5,256,step256,70426624,6,8,23,0,1,0.013652495108544827,0.0,23238.099609375
EleutherAI/pythia-70m,5,256,step256,70426624,6,8,23,0,2,0.013439886271953583,0.0,23238.099609375
EleutherAI/pythia-70m,5,256,step256,70426624,6,8,23,0,3,0.014179203659296036,0.0,23238.099609375
EleutherAI/pythia-70m,5,256,step256,70426624,6,8,23,0,4,0.015436654910445213,0.0,23238.099609375
EleutherAI/pythia-70m,5,256,step256,70426624,6,8,23,0,5,0.013940852135419846,0.0,23238.099609375
EleutherAI/pythia-70m,5,256,step256,70426624,6,8,23,0,6,0.013631504960358143,0.0,23238.099609375
EleutherAI/pythia-70m,5,256,step256,70426624,6,8,23,0,7,0.014663663692772388,0.0,23238.099609375
EleutherAI/pythia-70m,5,256,step256,70426624,6,8,23,1,0,0.009924301877617836,0.0,23238.099609375
EleutherAI/pythia-70m,5,256,step256,70426624,6,8,23,1,1,0.010622250847518444,0.0,23238.099609375
EleutherAI/pythia-70m,5,256,step256,70426624,6,8,23,1,2,0.0099061643704772,0.0,23238.099609375
EleutherAI/pythia-70m,5,256,step256,70426624,6,8,23,1,3,0.011355592869222164,0.0,23238.099609375
EleutherAI/pythia-70m,5,256,step256,70426624,6,8,23,1,4,0.009441512636840343,0.0,23238.099609375
EleutherAI/pythia-70m,5,256,step256,70426624,6,8,23,1,5,0.00968801137059927,0.0,23238.099609375
EleutherAI/pythia-70m,5,256,step256,70426624,6,8,23,1,6,0.010361687280237675,0.0,23238.099609375
EleutherAI/pythia-70m,5,256,step256,70426624,6,8,23,1,7,0.011639931239187717,0.0,23238.099609375
EleutherAI/pythia-70m,5,256,step256,70426624,6,8,23,2,0,0.0067975581623613834,0.0,23238.099609375
EleutherAI/pythia-70m,5,256,step256,70426624,6,8,23,2,1,0.006367492489516735,0.0,23238.099609375
EleutherAI/pythia-70m,5,256,step256,70426624,6,8,23,2,2,0.002344415057450533,0.0,23238.099609375
EleutherAI/pythia-70m,5,256,step256,70426624,6,8,23,2,3,0.007933116517961025,0.0,23238.099609375
EleutherAI/pythia-70m,5,256,step256,70426624,6,8,23,2,4,0.009870312176644802,0.0,23238.099609375
EleutherAI/pythia-70m,5,256,step256,70426624,6,8,23,2,5,0.007914314977824688,0.0,23238.099609375
EleutherAI/pythia-70m,5,256,step256,70426624,6,8,23,2,6,0.005807782523334026,0.0,23238.099609375
EleutherAI/pythia-70m,5,256,step256,70426624,6,8,23,2,7,0.007231062278151512,0.0,23238.099609375
EleutherAI/pythia-70m,5,256,step256,70426624,6,8,23,3,0,0.0037722205743193626,0.0,23238.099609375
EleutherAI/pythia-70m,5,256,step256,70426624,6,8,23,3,1,0.0031907502561807632,0.0,23238.099609375
EleutherAI/pythia-70m,5,256,step256,70426624,6,8,23,3,2,0.005970492959022522,0.0,23238.099609375
EleutherAI/pythia-70m,5,256,step256,70426624,6,8,23,3,3,0.0025155909825116396,0.0,23238.099609375
EleutherAI/pythia-70m,5,256,step256,70426624,6,8,23,3,4,0.007517699152231216,0.0,23238.099609375
EleutherAI/pythia-70m,5,256,step256,70426624,6,8,23,3,5,0.0036083387676626444,0.0,23238.099609375
EleutherAI/pythia-70m,5,256,step256,70426624,6,8,23,3,6,0.0022786466870456934,0.0,23238.099609375
EleutherAI/pythia-70m,5,256,step256,70426624,6,8,23,3,7,0.008623558096587658,0.0,23238.099609375
EleutherAI/pythia-70m,5,256,step256,70426624,6,8,23,4,0,0.0019029224058613181,0.0,23238.099609375
EleutherAI/pythia-70m,5,256,step256,70426624,6,8,23,4,1,0.004520847927778959,0.0,23238.099609375
EleutherAI/pythia-70m,5,256,step256,70426624,6,8,23,4,2,0.007592368870973587,0.0,23238.099609375
EleutherAI/pythia-70m,5,256,step256,70426624,6,8,23,4,3,0.015058672055602074,0.0,23238.099609375
EleutherAI/pythia-70m,5,256,step256,70426624,6,8,23,4,4,0.009986698627471924,0.0,23238.099609375
EleutherAI/pythia-70m,5,256,step256,70426624,6,8,23,4,5,0.003401723224669695,0.0,23238.099609375
EleutherAI/pythia-70m,5,256,step256,70426624,6,8,23,4,6,0.0025781968142837286,0.0,23238.099609375
EleutherAI/pythia-70m,5,256,step256,70426624,6,8,23,4,7,0.0047864047810435295,0.0,23238.099609375
EleutherAI/pythia-70m,5,256,step256,70426624,6,8,23,5,0,0.007301189471036196,0.0,23238.099609375
EleutherAI/pythia-70m,5,256,step256,70426624,6,8,23,5,1,0.009959404356777668,0.0,23238.099609375
EleutherAI/pythia-70m,5,256,step256,70426624,6,8,23,5,2,0.012292053550481796,0.0,23238.099609375
EleutherAI/pythia-70m,5,256,step256,70426624,6,8,23,5,3,0.004120276775211096,0.0,23238.099609375
EleutherAI/pythia-70m,5,256,step256,70426624,6,8,23,5,4,0.008944060653448105,0.0,23238.099609375
EleutherAI/pythia-70m,5,256,step256,70426624,6,8,23,5,5,0.00624926807358861,0.0,23238.099609375
EleutherAI/pythia-70m,5,256,step256,70426624,6,8,23,5,6,0.008000931702554226,0.0,23238.099609375
EleutherAI/pythia-70m,5,256,step256,70426624,6,8,23,5,7,0.006272643804550171,0.0,23238.099609375
EleutherAI/pythia-70m,5,256,step256,70426624,6,8,24,0,0,0.014117812737822533,0.0,25987.6796875
EleutherAI/pythia-70m,5,256,step256,70426624,6,8,24,0,1,0.01476658508181572,0.0,25987.6796875
EleutherAI/pythia-70m,5,256,step256,70426624,6,8,24,0,2,0.01341514103114605,0.0,25987.6796875
EleutherAI/pythia-70m,5,256,step256,70426624,6,8,24,0,3,0.014428618364036083,0.0,25987.6796875
EleutherAI/pythia-70m,5,256,step256,70426624,6,8,24,0,4,0.014597292989492416,0.0,25987.6796875
EleutherAI/pythia-70m,5,256,step256,70426624,6,8,24,0,5,0.01314557995647192,0.0,25987.6796875
EleutherAI/pythia-70m,5,256,step256,70426624,6,8,24,0,6,0.013755787163972855,0.0,25987.6796875
EleutherAI/pythia-70m,5,256,step256,70426624,6,8,24,0,7,0.012981313280761242,0.0,25987.6796875
EleutherAI/pythia-70m,5,256,step256,70426624,6,8,24,1,0,0.00856759212911129,0.0,25987.6796875
EleutherAI/pythia-70m,5,256,step256,70426624,6,8,24,1,1,0.008155916817486286,0.0,25987.6796875
EleutherAI/pythia-70m,5,256,step256,70426624,6,8,24,1,2,0.009971193969249725,0.0,25987.6796875
EleutherAI/pythia-70m,5,256,step256,70426624,6,8,24,1,3,0.010984244756400585,0.0,25987.6796875
EleutherAI/pythia-70m,5,256,step256,70426624,6,8,24,1,4,0.009988860227167606,0.0,25987.6796875
EleutherAI/pythia-70m,5,256,step256,70426624,6,8,24,1,5,0.0072321160696446896,0.0,25987.6796875
EleutherAI/pythia-70m,5,256,step256,70426624,6,8,24,1,6,0.009796111844480038,0.0,25987.6796875
EleutherAI/pythia-70m,5,256,step256,70426624,6,8,24,1,7,0.01090268511325121,0.0,25987.6796875
EleutherAI/pythia-70m,5,256,step256,70426624,6,8,24,2,0,0.005936328321695328,0.0,25987.6796875
EleutherAI/pythia-70m,5,256,step256,70426624,6,8,24,2,1,0.006950762122869492,0.0,25987.6796875
EleutherAI/pythia-70m,5,256,step256,70426624,6,8,24,2,2,0.00316254491917789,0.0,25987.6796875
EleutherAI/pythia-70m,5,256,step256,70426624,6,8,24,2,3,0.00889009889215231,0.0,25987.6796875
EleutherAI/pythia-70m,5,256,step256,70426624,6,8,24,2,4,0.00916384905576706,0.0,25987.6796875
EleutherAI/pythia-70m,5,256,step256,70426624,6,8,24,2,5,0.004784415476024151,0.0,25987.6796875
EleutherAI/pythia-70m,5,256,step256,70426624,6,8,24,2,6,0.005060055758804083,0.0,25987.6796875
EleutherAI/pythia-70m,5,256,step256,70426624,6,8,24,2,7,0.00902830995619297,0.0,25987.6796875
EleutherAI/pythia-70m,5,256,step256,70426624,6,8,24,3,0,0.004039027262479067,0.0,25987.6796875
EleutherAI/pythia-70m,5,256,step256,70426624,6,8,24,3,1,0.0027175704017281532,0.0,25987.6796875
EleutherAI/pythia-70m,5,256,step256,70426624,6,8,24,3,2,0.004224144387990236,0.0,25987.6796875
EleutherAI/pythia-70m,5,256,step256,70426624,6,8,24,3,3,0.0012999005848541856,0.0,25987.6796875
EleutherAI/pythia-70m,5,256,step256,70426624,6,8,24,3,4,0.011108564212918282,0.0,25987.6796875
EleutherAI/pythia-70m,5,256,step256,70426624,6,8,24,3,5,0.005879089701920748,0.0,25987.6796875
EleutherAI/pythia-70m,5,256,step256,70426624,6,8,24,3,6,0.0023673465475440025,0.0,25987.6796875
EleutherAI/pythia-70m,5,256,step256,70426624,6,8,24,3,7,0.009635526686906815,0.0,25987.6796875
EleutherAI/pythia-70m,5,256,step256,70426624,6,8,24,4,0,0.004301248583942652,0.0,25987.6796875
EleutherAI/pythia-70m,5,256,step256,70426624,6,8,24,4,1,0.0032851388677954674,0.0,25987.6796875
EleutherAI/pythia-70m,5,256,step256,70426624,6,8,24,4,2,0.009043783880770206,0.0,25987.6796875
EleutherAI/pythia-70m,5,256,step256,70426624,6,8,24,4,3,0.012841359712183475,0.0,25987.6796875
EleutherAI/pythia-70m,5,256,step256,70426624,6,8,24,4,4,0.009434180334210396,0.0,25987.6796875
EleutherAI/pythia-70m,5,256,step256,70426624,6,8,24,4,5,0.003420625813305378,0.0,25987.6796875
EleutherAI/pythia-70m,5,256,step256,70426624,6,8,24,4,6,0.003383181756362319,0.0,25987.6796875
EleutherAI/pythia-70m,5,256,step256,70426624,6,8,24,4,7,0.0061524612829089165,0.0,25987.6796875
EleutherAI/pythia-70m,5,256,step256,70426624,6,8,24,5,0,0.007213115692138672,0.0,25987.6796875
EleutherAI/pythia-70m,5,256,step256,70426624,6,8,24,5,1,0.005277898162603378,0.0,25987.6796875
EleutherAI/pythia-70m,5,256,step256,70426624,6,8,24,5,2,0.011762975715100765,0.0,25987.6796875
EleutherAI/pythia-70m,5,256,step256,70426624,6,8,24,5,3,0.002190766856074333,0.0,25987.6796875
EleutherAI/pythia-70m,5,256,step256,70426624,6,8,24,5,4,0.007805801462382078,0.0,25987.6796875
EleutherAI/pythia-70m,5,256,step256,70426624,6,8,24,5,5,0.004373727831989527,0.0,25987.6796875
EleutherAI/pythia-70m,5,256,step256,70426624,6,8,24,5,6,0.007239423226565123,0.0,25987.6796875
EleutherAI/pythia-70m,5,256,step256,70426624,6,8,24,5,7,0.0040273843333125114,0.0,25987.6796875
EleutherAI/pythia-70m,5,256,step256,70426624,6,8,25,0,0,0.013597417622804642,0.0,22858.19921875
EleutherAI/pythia-70m,5,256,step256,70426624,6,8,25,0,1,0.01316430326551199,0.0,22858.19921875
EleutherAI/pythia-70m,5,256,step256,70426624,6,8,25,0,2,0.015229151584208012,0.0,22858.19921875
EleutherAI/pythia-70m,5,256,step256,70426624,6,8,25,0,3,0.016233695670962334,0.0,22858.19921875
EleutherAI/pythia-70m,5,256,step256,70426624,6,8,25,0,4,0.01377691887319088,0.0,22858.19921875
EleutherAI/pythia-70m,5,256,step256,70426624,6,8,25,0,5,0.014060496352612972,0.0,22858.19921875
EleutherAI/pythia-70m,5,256,step256,70426624,6,8,25,0,6,0.014073453843593597,0.0,22858.19921875
EleutherAI/pythia-70m,5,256,step256,70426624,6,8,25,0,7,0.014140408486127853,0.0,22858.19921875
EleutherAI/pythia-70m,5,256,step256,70426624,6,8,25,1,0,0.007350045256316662,0.0,22858.19921875
EleutherAI/pythia-70m,5,256,step256,70426624,6,8,25,1,1,0.008654273115098476,0.0,22858.19921875
EleutherAI/pythia-70m,5,256,step256,70426624,6,8,25,1,2,0.011197702027857304,0.0,22858.19921875
EleutherAI/pythia-70m,5,256,step256,70426624,6,8,25,1,3,0.011772283352911472,0.0,22858.19921875
EleutherAI/pythia-70m,5,256,step256,70426624,6,8,25,1,4,0.009553199633955956,0.0,22858.19921875
EleutherAI/pythia-70m,5,256,step256,70426624,6,8,25,1,5,0.00875790137797594,0.0,22858.19921875
EleutherAI/pythia-70m,5,256,step256,70426624,6,8,25,1,6,0.00969485193490982,0.0,22858.19921875
EleutherAI/pythia-70m,5,256,step256,70426624,6,8,25,1,7,0.013520927168428898,0.0,22858.19921875
EleutherAI/pythia-70m,5,256,step256,70426624,6,8,25,2,0,0.0065647149458527565,0.0,22858.19921875
EleutherAI/pythia-70m,5,256,step256,70426624,6,8,25,2,1,0.006875703111290932,0.0,22858.19921875
EleutherAI/pythia-70m,5,256,step256,70426624,6,8,25,2,2,0.0029179120901972055,0.0,22858.19921875
EleutherAI/pythia-70m,5,256,step256,70426624,6,8,25,2,3,0.007845771498978138,0.0,22858.19921875
EleutherAI/pythia-70m,5,256,step256,70426624,6,8,25,2,4,0.010119300335645676,0.0,22858.19921875
EleutherAI/pythia-70m,5,256,step256,70426624,6,8,25,2,5,0.004462163895368576,0.0,22858.19921875
EleutherAI/pythia-70m,5,256,step256,70426624,6,8,25,2,6,0.0037541347555816174,0.0,22858.19921875
EleutherAI/pythia-70m,5,256,step256,70426624,6,8,25,2,7,0.00553051196038723,0.0,22858.19921875
EleutherAI/pythia-70m,5,256,step256,70426624,6,8,25,3,0,0.0036268087569624186,0.0,22858.19921875
EleutherAI/pythia-70m,5,256,step256,70426624,6,8,25,3,1,0.0032730847597122192,0.0,22858.19921875
EleutherAI/pythia-70m,5,256,step256,70426624,6,8,25,3,2,0.005229691043496132,0.0,22858.19921875
EleutherAI/pythia-70m,5,256,step256,70426624,6,8,25,3,3,0.0016871422994881868,0.0,22858.19921875
EleutherAI/pythia-70m,5,256,step256,70426624,6,8,25,3,4,0.007252248469740152,0.0,22858.19921875
EleutherAI/pythia-70m,5,256,step256,70426624,6,8,25,3,5,0.0040485309436917305,0.0,22858.19921875
EleutherAI/pythia-70m,5,256,step256,70426624,6,8,25,3,6,0.0022139772772789,0.0,22858.19921875
EleutherAI/pythia-70m,5,256,step256,70426624,6,8,25,3,7,0.007913651876151562,0.0,22858.19921875
EleutherAI/pythia-70m,5,256,step256,70426624,6,8,25,4,0,0.002856956794857979,0.0,22858.19921875
EleutherAI/pythia-70m,5,256,step256,70426624,6,8,25,4,1,0.0053047118708491325,0.0,22858.19921875
EleutherAI/pythia-70m,5,256,step256,70426624,6,8,25,4,2,0.005873092450201511,0.0,22858.19921875
EleutherAI/pythia-70m,5,256,step256,70426624,6,8,25,4,3,0.015204531140625477,0.0,22858.19921875
EleutherAI/pythia-70m,5,256,step256,70426624,6,8,25,4,4,0.01115945354104042,0.0,22858.19921875
EleutherAI/pythia-70m,5,256,step256,70426624,6,8,25,4,5,0.0045501659624278545,0.0,22858.19921875
EleutherAI/pythia-70m,5,256,step256,70426624,6,8,25,4,6,0.0023669805377721786,0.0,22858.19921875
EleutherAI/pythia-70m,5,256,step256,70426624,6,8,25,4,7,0.005170475225895643,0.0,22858.19921875
EleutherAI/pythia-70m,5,256,step256,70426624,6,8,25,5,0,0.00819764006882906,0.0,22858.19921875
EleutherAI/pythia-70m,5,256,step256,70426624,6,8,25,5,1,0.006369557231664658,0.0,22858.19921875
EleutherAI/pythia-70m,5,256,step256,70426624,6,8,25,5,2,0.012639893218874931,0.0,22858.19921875
EleutherAI/pythia-70m,5,256,step256,70426624,6,8,25,5,3,0.002189453225582838,0.0,22858.19921875
EleutherAI/pythia-70m,5,256,step256,70426624,6,8,25,5,4,0.007317621260881424,0.0,22858.19921875
EleutherAI/pythia-70m,5,256,step256,70426624,6,8,25,5,5,0.004646277520805597,0.0,22858.19921875
EleutherAI/pythia-70m,5,256,step256,70426624,6,8,25,5,6,0.006320837885141373,0.0,22858.19921875
EleutherAI/pythia-70m,5,256,step256,70426624,6,8,25,5,7,0.004107920452952385,0.0,22858.19921875
EleutherAI/pythia-70m,5,256,step256,70426624,6,8,26,0,0,0.013746979646384716,0.0,21350.359375
EleutherAI/pythia-70m,5,256,step256,70426624,6,8,26,0,1,0.012899795547127724,0.0,21350.359375
EleutherAI/pythia-70m,5,256,step256,70426624,6,8,26,0,2,0.013551470823585987,0.0,21350.359375
EleutherAI/pythia-70m,5,256,step256,70426624,6,8,26,0,3,0.015001402236521244,0.0,21350.359375
EleutherAI/pythia-70m,5,256,step256,70426624,6,8,26,0,4,0.013586163520812988,0.0,21350.359375
EleutherAI/pythia-70m,5,256,step256,70426624,6,8,26,0,5,0.013468241319060326,0.0,21350.359375
EleutherAI/pythia-70m,5,256,step256,70426624,6,8,26,0,6,0.01424264907836914,0.0,21350.359375
EleutherAI/pythia-70m,5,256,step256,70426624,6,8,26,0,7,0.013775943778455257,0.0,21350.359375
EleutherAI/pythia-70m,5,256,step256,70426624,6,8,26,1,0,0.00801828783005476,0.0,21350.359375
EleutherAI/pythia-70m,5,256,step256,70426624,6,8,26,1,1,0.008558505214750767,0.0,21350.359375
EleutherAI/pythia-70m,5,256,step256,70426624,6,8,26,1,2,0.010350299067795277,0.0,21350.359375
EleutherAI/pythia-70m,5,256,step256,70426624,6,8,26,1,3,0.010728530585765839,0.0,21350.359375
EleutherAI/pythia-70m,5,256,step256,70426624,6,8,26,1,4,0.010112293064594269,0.0,21350.359375
EleutherAI/pythia-70m,5,256,step256,70426624,6,8,26,1,5,0.008323331363499165,0.0,21350.359375
EleutherAI/pythia-70m,5,256,step256,70426624,6,8,26,1,6,0.011133686639368534,0.0,21350.359375
EleutherAI/pythia-70m,5,256,step256,70426624,6,8,26,1,7,0.011629552580416203,0.0,21350.359375
EleutherAI/pythia-70m,5,256,step256,70426624,6,8,26,2,0,0.007995209656655788,0.0,21350.359375
EleutherAI/pythia-70m,5,256,step256,70426624,6,8,26,2,1,0.007229004055261612,0.0,21350.359375
EleutherAI/pythia-70m,5,256,step256,70426624,6,8,26,2,2,0.00227642641402781,0.0,21350.359375
EleutherAI/pythia-70m,5,256,step256,70426624,6,8,26,2,3,0.00653768889605999,0.0,21350.359375
EleutherAI/pythia-70m,5,256,step256,70426624,6,8,26,2,4,0.013327033258974552,0.0,21350.359375
EleutherAI/pythia-70m,5,256,step256,70426624,6,8,26,2,5,0.005001285579055548,0.0,21350.359375
EleutherAI/pythia-70m,5,256,step256,70426624,6,8,26,2,6,0.006057064048945904,0.0,21350.359375
EleutherAI/pythia-70m,5,256,step256,70426624,6,8,26,2,7,0.005649963393807411,0.0,21350.359375
EleutherAI/pythia-70m,5,256,step256,70426624,6,8,26,3,0,0.003045487916097045,0.0,21350.359375
EleutherAI/pythia-70m,5,256,step256,70426624,6,8,26,3,1,0.0034819573629647493,0.0,21350.359375
EleutherAI/pythia-70m,5,256,step256,70426624,6,8,26,3,2,0.0047189523465931416,0.0,21350.359375
EleutherAI/pythia-70m,5,256,step256,70426624,6,8,26,3,3,0.0037067849189043045,0.0,21350.359375
EleutherAI/pythia-70m,5,256,step256,70426624,6,8,26,3,4,0.006317842751741409,0.0,21350.359375
EleutherAI/pythia-70m,5,256,step256,70426624,6,8,26,3,5,0.0025947869289666414,0.0,21350.359375
EleutherAI/pythia-70m,5,256,step256,70426624,6,8,26,3,6,0.001608164282515645,0.0,21350.359375
EleutherAI/pythia-70m,5,256,step256,70426624,6,8,26,3,7,0.009552004747092724,0.0,21350.359375
EleutherAI/pythia-70m,5,256,step256,70426624,6,8,26,4,0,0.0030199973843991756,0.0,21350.359375
EleutherAI/pythia-70m,5,256,step256,70426624,6,8,26,4,1,0.005553912371397018,0.0,21350.359375
EleutherAI/pythia-70m,5,256,step256,70426624,6,8,26,4,2,0.006189949344843626,0.0,21350.359375
EleutherAI/pythia-70m,5,256,step256,70426624,6,8,26,4,3,0.016373146325349808,0.0,21350.359375
EleutherAI/pythia-70m,5,256,step256,70426624,6,8,26,4,4,0.013334536924958229,0.0,21350.359375
EleutherAI/pythia-70m,5,256,step256,70426624,6,8,26,4,5,0.003418265376240015,0.0,21350.359375
EleutherAI/pythia-70m,5,256,step256,70426624,6,8,26,4,6,0.003084986237809062,0.0,21350.359375
EleutherAI/pythia-70m,5,256,step256,70426624,6,8,26,4,7,0.006264405325055122,0.0,21350.359375
EleutherAI/pythia-70m,5,256,step256,70426624,6,8,26,5,0,0.008148472756147385,0.0,21350.359375
EleutherAI/pythia-70m,5,256,step256,70426624,6,8,26,5,1,0.0056238858960568905,0.0,21350.359375
EleutherAI/pythia-70m,5,256,step256,70426624,6,8,26,5,2,0.015034249052405357,0.0,21350.359375
EleutherAI/pythia-70m,5,256,step256,70426624,6,8,26,5,3,0.0017453086329624057,0.0,21350.359375
EleutherAI/pythia-70m,5,256,step256,70426624,6,8,26,5,4,0.009401451796293259,0.0,21350.359375
EleutherAI/pythia-70m,5,256,step256,70426624,6,8,26,5,5,0.00561113003641367,0.0,21350.359375
EleutherAI/pythia-70m,5,256,step256,70426624,6,8,26,5,6,0.005753691308200359,0.0,21350.359375
EleutherAI/pythia-70m,5,256,step256,70426624,6,8,26,5,7,0.004737862851470709,0.0,21350.359375
EleutherAI/pythia-70m,5,256,step256,70426624,6,8,27,0,0,0.0156415943056345,0.0,27814.919921875
EleutherAI/pythia-70m,5,256,step256,70426624,6,8,27,0,1,0.01299221720546484,0.0,27814.919921875
EleutherAI/pythia-70m,5,256,step256,70426624,6,8,27,0,2,0.01404318492859602,0.0,27814.919921875
EleutherAI/pythia-70m,5,256,step256,70426624,6,8,27,0,3,0.014256831258535385,0.0,27814.919921875
EleutherAI/pythia-70m,5,256,step256,70426624,6,8,27,0,4,0.013627737760543823,0.0,27814.919921875
EleutherAI/pythia-70m,5,256,step256,70426624,6,8,27,0,5,0.013826434500515461,0.0,27814.919921875
EleutherAI/pythia-70m,5,256,step256,70426624,6,8,27,0,6,0.013284126296639442,0.0,27814.919921875
EleutherAI/pythia-70m,5,256,step256,70426624,6,8,27,0,7,0.014825341291725636,0.0,27814.919921875
EleutherAI/pythia-70m,5,256,step256,70426624,6,8,27,1,0,0.0085308151319623,0.0,27814.919921875
EleutherAI/pythia-70m,5,256,step256,70426624,6,8,27,1,1,0.008918301202356815,0.0,27814.919921875
EleutherAI/pythia-70m,5,256,step256,70426624,6,8,27,1,2,0.010243919678032398,0.0,27814.919921875
EleutherAI/pythia-70m,5,256,step256,70426624,6,8,27,1,3,0.011162114329636097,0.0,27814.919921875
EleutherAI/pythia-70m,5,256,step256,70426624,6,8,27,1,4,0.011084187775850296,0.0,27814.919921875
EleutherAI/pythia-70m,5,256,step256,70426624,6,8,27,1,5,0.008575544692575932,0.0,27814.919921875
EleutherAI/pythia-70m,5,256,step256,70426624,6,8,27,1,6,0.010019838809967041,0.0,27814.919921875
EleutherAI/pythia-70m,5,256,step256,70426624,6,8,27,1,7,0.010568398050963879,0.0,27814.919921875
EleutherAI/pythia-70m,5,256,step256,70426624,6,8,27,2,0,0.004772183019667864,0.0,27814.919921875
EleutherAI/pythia-70m,5,256,step256,70426624,6,8,27,2,1,0.006472662091255188,0.0,27814.919921875
EleutherAI/pythia-70m,5,256,step256,70426624,6,8,27,2,2,0.0038820705376565456,0.0,27814.919921875
EleutherAI/pythia-70m,5,256,step256,70426624,6,8,27,2,3,0.007689648773521185,0.0,27814.919921875
EleutherAI/pythia-70m,5,256,step256,70426624,6,8,27,2,4,0.010228313505649567,0.0,27814.919921875
EleutherAI/pythia-70m,5,256,step256,70426624,6,8,27,2,5,0.004734536167234182,0.0,27814.919921875
EleutherAI/pythia-70m,5,256,step256,70426624,6,8,27,2,6,0.004315000958740711,0.0,27814.919921875
EleutherAI/pythia-70m,5,256,step256,70426624,6,8,27,2,7,0.006574505940079689,0.0,27814.919921875
EleutherAI/pythia-70m,5,256,step256,70426624,6,8,27,3,0,0.002871984615921974,0.0,27814.919921875
EleutherAI/pythia-70m,5,256,step256,70426624,6,8,27,3,1,0.0038388592656701803,0.0,27814.919921875
EleutherAI/pythia-70m,5,256,step256,70426624,6,8,27,3,2,0.004327481612563133,0.0,27814.919921875
EleutherAI/pythia-70m,5,256,step256,70426624,6,8,27,3,3,0.0015413765795528889,0.0,27814.919921875
EleutherAI/pythia-70m,5,256,step256,70426624,6,8,27,3,4,0.013750441372394562,0.0,27814.919921875
EleutherAI/pythia-70m,5,256,step256,70426624,6,8,27,3,5,0.004117279779165983,0.0,27814.919921875
EleutherAI/pythia-70m,5,256,step256,70426624,6,8,27,3,6,0.0023029549047350883,0.0,27814.919921875
EleutherAI/pythia-70m,5,256,step256,70426624,6,8,27,3,7,0.016883207485079765,0.0,27814.919921875
EleutherAI/pythia-70m,5,256,step256,70426624,6,8,27,4,0,0.003165486501529813,0.0,27814.919921875
EleutherAI/pythia-70m,5,256,step256,70426624,6,8,27,4,1,0.0042094155214726925,0.0,27814.919921875
EleutherAI/pythia-70m,5,256,step256,70426624,6,8,27,4,2,0.009451841935515404,0.0,27814.919921875
EleutherAI/pythia-70m,5,256,step256,70426624,6,8,27,4,3,0.012813563458621502,0.0,27814.919921875
EleutherAI/pythia-70m,5,256,step256,70426624,6,8,27,4,4,0.009784667752683163,0.0,27814.919921875
EleutherAI/pythia-70m,5,256,step256,70426624,6,8,27,4,5,0.004970884881913662,0.0,27814.919921875
EleutherAI/pythia-70m,5,256,step256,70426624,6,8,27,4,6,0.002477416070178151,0.0,27814.919921875
EleutherAI/pythia-70m,5,256,step256,70426624,6,8,27,4,7,0.0058534699492156506,0.0,27814.919921875
EleutherAI/pythia-70m,5,256,step256,70426624,6,8,27,5,0,0.009291470050811768,0.0,27814.919921875
EleutherAI/pythia-70m,5,256,step256,70426624,6,8,27,5,1,0.011076487600803375,0.0,27814.919921875
EleutherAI/pythia-70m,5,256,step256,70426624,6,8,27,5,2,0.01114552840590477,0.0,27814.919921875
EleutherAI/pythia-70m,5,256,step256,70426624,6,8,27,5,3,0.0031662117689847946,0.0,27814.919921875
EleutherAI/pythia-70m,5,256,step256,70426624,6,8,27,5,4,0.008285180665552616,0.0,27814.919921875
EleutherAI/pythia-70m,5,256,step256,70426624,6,8,27,5,5,0.006785005796700716,0.0,27814.919921875
EleutherAI/pythia-70m,5,256,step256,70426624,6,8,27,5,6,0.006109566893428564,0.0,27814.919921875
EleutherAI/pythia-70m,5,256,step256,70426624,6,8,27,5,7,0.0060809338465332985,0.0,27814.919921875
EleutherAI/pythia-70m,5,256,step256,70426624,6,8,28,0,0,0.01479964330792427,0.0,25674.880859375
EleutherAI/pythia-70m,5,256,step256,70426624,6,8,28,0,1,0.013898997567594051,0.0,25674.880859375
EleutherAI/pythia-70m,5,256,step256,70426624,6,8,28,0,2,0.013293243944644928,0.0,25674.880859375
EleutherAI/pythia-70m,5,256,step256,70426624,6,8,28,0,3,0.013746234588325024,0.0,25674.880859375
EleutherAI/pythia-70m,5,256,step256,70426624,6,8,28,0,4,0.013304490596055984,0.0,25674.880859375
EleutherAI/pythia-70m,5,256,step256,70426624,6,8,28,0,5,0.01345728151500225,0.0,25674.880859375
EleutherAI/pythia-70m,5,256,step256,70426624,6,8,28,0,6,0.014673390425741673,0.0,25674.880859375
EleutherAI/pythia-70m,5,256,step256,70426624,6,8,28,0,7,0.013776890933513641,0.0,25674.880859375
EleutherAI/pythia-70m,5,256,step256,70426624,6,8,28,1,0,0.006201134528964758,0.0,25674.880859375
EleutherAI/pythia-70m,5,256,step256,70426624,6,8,28,1,1,0.008834730833768845,0.0,25674.880859375
EleutherAI/pythia-70m,5,256,step256,70426624,6,8,28,1,2,0.01089867390692234,0.0,25674.880859375
EleutherAI/pythia-70m,5,256,step256,70426624,6,8,28,1,3,0.011859839782118797,0.0,25674.880859375
EleutherAI/pythia-70m,5,256,step256,70426624,6,8,28,1,4,0.010948765091598034,0.0,25674.880859375
EleutherAI/pythia-70m,5,256,step256,70426624,6,8,28,1,5,0.007295692339539528,0.0,25674.880859375
EleutherAI/pythia-70m,5,256,step256,70426624,6,8,28,1,6,0.010495095513761044,0.0,25674.880859375
EleutherAI/pythia-70m,5,256,step256,70426624,6,8,28,1,7,0.009657143615186214,0.0,25674.880859375
EleutherAI/pythia-70m,5,256,step256,70426624,6,8,28,2,0,0.00531778996810317,0.0,25674.880859375
EleutherAI/pythia-70m,5,256,step256,70426624,6,8,28,2,1,0.007086326368153095,0.0,25674.880859375
EleutherAI/pythia-70m,5,256,step256,70426624,6,8,28,2,2,0.0025646642316132784,0.0,25674.880859375
EleutherAI/pythia-70m,5,256,step256,70426624,6,8,28,2,3,0.006020763423293829,0.0,25674.880859375
EleutherAI/pythia-70m,5,256,step256,70426624,6,8,28,2,4,0.009784925729036331,0.0,25674.880859375
EleutherAI/pythia-70m,5,256,step256,70426624,6,8,28,2,5,0.004930810071527958,0.0,25674.880859375
EleutherAI/pythia-70m,5,256,step256,70426624,6,8,28,2,6,0.0050218310207128525,0.0,25674.880859375
EleutherAI/pythia-70m,5,256,step256,70426624,6,8,28,2,7,0.005019115749746561,0.0,25674.880859375
EleutherAI/pythia-70m,5,256,step256,70426624,6,8,28,3,0,0.0033917834516614676,0.0,25674.880859375
EleutherAI/pythia-70m,5,256,step256,70426624,6,8,28,3,1,0.004112320952117443,0.0,25674.880859375
EleutherAI/pythia-70m,5,256,step256,70426624,6,8,28,3,2,0.004405976738780737,0.0,25674.880859375
EleutherAI/pythia-70m,5,256,step256,70426624,6,8,28,3,3,0.0019798805005848408,0.0,25674.880859375
EleutherAI/pythia-70m,5,256,step256,70426624,6,8,28,3,4,0.013324894942343235,0.0,25674.880859375
EleutherAI/pythia-70m,5,256,step256,70426624,6,8,28,3,5,0.0035650329664349556,0.0,25674.880859375
EleutherAI/pythia-70m,5,256,step256,70426624,6,8,28,3,6,0.003264007158577442,0.0,25674.880859375
EleutherAI/pythia-70m,5,256,step256,70426624,6,8,28,3,7,0.011330931447446346,0.0,25674.880859375
EleutherAI/pythia-70m,5,256,step256,70426624,6,8,28,4,0,0.0013875034637749195,0.0,25674.880859375
EleutherAI/pythia-70m,5,256,step256,70426624,6,8,28,4,1,0.004420906770974398,0.0,25674.880859375
EleutherAI/pythia-70m,5,256,step256,70426624,6,8,28,4,2,0.007930233143270016,0.0,25674.880859375
EleutherAI/pythia-70m,5,256,step256,70426624,6,8,28,4,3,0.01251942664384842,0.0,25674.880859375
EleutherAI/pythia-70m,5,256,step256,70426624,6,8,28,4,4,0.010995293036103249,0.0,25674.880859375
EleutherAI/pythia-70m,5,256,step256,70426624,6,8,28,4,5,0.004570172168314457,0.0,25674.880859375
EleutherAI/pythia-70m,5,256,step256,70426624,6,8,28,4,6,0.0034593911841511726,0.0,25674.880859375
EleutherAI/pythia-70m,5,256,step256,70426624,6,8,28,4,7,0.005331695079803467,0.0,25674.880859375
EleutherAI/pythia-70m,5,256,step256,70426624,6,8,28,5,0,0.007414845284074545,0.0,25674.880859375
EleutherAI/pythia-70m,5,256,step256,70426624,6,8,28,5,1,0.007650879677385092,0.0,25674.880859375
EleutherAI/pythia-70m,5,256,step256,70426624,6,8,28,5,2,0.01085576880723238,0.0,25674.880859375
EleutherAI/pythia-70m,5,256,step256,70426624,6,8,28,5,3,0.0017885830020532012,0.0,25674.880859375
EleutherAI/pythia-70m,5,256,step256,70426624,6,8,28,5,4,0.007075485773384571,0.0,25674.880859375
EleutherAI/pythia-70m,5,256,step256,70426624,6,8,28,5,5,0.0038515571504831314,0.0,25674.880859375
EleutherAI/pythia-70m,5,256,step256,70426624,6,8,28,5,6,0.005473809316754341,0.0,25674.880859375
EleutherAI/pythia-70m,5,256,step256,70426624,6,8,28,5,7,0.005238926503807306,0.0,25674.880859375
EleutherAI/pythia-70m,5,256,step256,70426624,6,8,29,0,0,0.015459205023944378,0.0,23963.3203125
EleutherAI/pythia-70m,5,256,step256,70426624,6,8,29,0,1,0.01273744460195303,0.0,23963.3203125
EleutherAI/pythia-70m,5,256,step256,70426624,6,8,29,0,2,0.014497914351522923,0.0,23963.3203125
EleutherAI/pythia-70m,5,256,step256,70426624,6,8,29,0,3,0.014936942607164383,0.0,23963.3203125
EleutherAI/pythia-70m,5,256,step256,70426624,6,8,29,0,4,0.014121610671281815,0.0,23963.3203125
EleutherAI/pythia-70m,5,256,step256,70426624,6,8,29,0,5,0.01345079205930233,0.0,23963.3203125
EleutherAI/pythia-70m,5,256,step256,70426624,6,8,29,0,6,0.014428483322262764,0.0,23963.3203125
EleutherAI/pythia-70m,5,256,step256,70426624,6,8,29,0,7,0.013432133011519909,0.0,23963.3203125
EleutherAI/pythia-70m,5,256,step256,70426624,6,8,29,1,0,0.007816700264811516,0.0,23963.3203125
EleutherAI/pythia-70m,5,256,step256,70426624,6,8,29,1,1,0.009046447463333607,0.0,23963.3203125
EleutherAI/pythia-70m,5,256,step256,70426624,6,8,29,1,2,0.010495500639081001,0.0,23963.3203125
EleutherAI/pythia-70m,5,256,step256,70426624,6,8,29,1,3,0.011491013690829277,0.0,23963.3203125
EleutherAI/pythia-70m,5,256,step256,70426624,6,8,29,1,4,0.01125288475304842,0.0,23963.3203125
EleutherAI/pythia-70m,5,256,step256,70426624,6,8,29,1,5,0.00781195517629385,0.0,23963.3203125
EleutherAI/pythia-70m,5,256,step256,70426624,6,8,29,1,6,0.010913900099694729,0.0,23963.3203125
EleutherAI/pythia-70m,5,256,step256,70426624,6,8,29,1,7,0.011889039538800716,0.0,23963.3203125
EleutherAI/pythia-70m,5,256,step256,70426624,6,8,29,2,0,0.005168458446860313,0.0,23963.3203125
EleutherAI/pythia-70m,5,256,step256,70426624,6,8,29,2,1,0.008196987211704254,0.0,23963.3203125
EleutherAI/pythia-70m,5,256,step256,70426624,6,8,29,2,2,0.0024938711430877447,0.0,23963.3203125
EleutherAI/pythia-70m,5,256,step256,70426624,6,8,29,2,3,0.006269063800573349,0.0,23963.3203125
EleutherAI/pythia-70m,5,256,step256,70426624,6,8,29,2,4,0.01090951170772314,0.0,23963.3203125
EleutherAI/pythia-70m,5,256,step256,70426624,6,8,29,2,5,0.006114032119512558,0.0,23963.3203125
EleutherAI/pythia-70m,5,256,step256,70426624,6,8,29,2,6,0.004518055822700262,0.0,23963.3203125
EleutherAI/pythia-70m,5,256,step256,70426624,6,8,29,2,7,0.005771898664534092,0.0,23963.3203125
EleutherAI/pythia-70m,5,256,step256,70426624,6,8,29,3,0,0.0032097354996949434,0.0,23963.3203125
EleutherAI/pythia-70m,5,256,step256,70426624,6,8,29,3,1,0.0036144452169537544,0.0,23963.3203125
EleutherAI/pythia-70m,5,256,step256,70426624,6,8,29,3,2,0.008444022387266159,0.0,23963.3203125
EleutherAI/pythia-70m,5,256,step256,70426624,6,8,29,3,3,0.0024599716998636723,0.0,23963.3203125
EleutherAI/pythia-70m,5,256,step256,70426624,6,8,29,3,4,0.00956831593066454,0.0,23963.3203125
EleutherAI/pythia-70m,5,256,step256,70426624,6,8,29,3,5,0.0024252489674836397,0.0,23963.3203125
EleutherAI/pythia-70m,5,256,step256,70426624,6,8,29,3,6,0.0018205014057457447,0.0,23963.3203125
EleutherAI/pythia-70m,5,256,step256,70426624,6,8,29,3,7,0.00937744602560997,0.0,23963.3203125
EleutherAI/pythia-70m,5,256,step256,70426624,6,8,29,4,0,0.0023653716780245304,0.0,23963.3203125
EleutherAI/pythia-70m,5,256,step256,70426624,6,8,29,4,1,0.006180731114000082,0.0,23963.3203125
EleutherAI/pythia-70m,5,256,step256,70426624,6,8,29,4,2,0.0094391955062747,0.0,23963.3203125
EleutherAI/pythia-70m,5,256,step256,70426624,6,8,29,4,3,0.014041955582797527,0.0,23963.3203125
EleutherAI/pythia-70m,5,256,step256,70426624,6,8,29,4,4,0.013599867932498455,0.0,23963.3203125
EleutherAI/pythia-70m,5,256,step256,70426624,6,8,29,4,5,0.00437799422070384,0.0,23963.3203125
EleutherAI/pythia-70m,5,256,step256,70426624,6,8,29,4,6,0.004429634194821119,0.0,23963.3203125
EleutherAI/pythia-70m,5,256,step256,70426624,6,8,29,4,7,0.008621430955827236,0.0,23963.3203125
EleutherAI/pythia-70m,5,256,step256,70426624,6,8,29,5,0,0.009080619551241398,0.0,23963.3203125
EleutherAI/pythia-70m,5,256,step256,70426624,6,8,29,5,1,0.009689589962363243,0.0,23963.3203125
EleutherAI/pythia-70m,5,256,step256,70426624,6,8,29,5,2,0.015318169258534908,0.0,23963.3203125
EleutherAI/pythia-70m,5,256,step256,70426624,6,8,29,5,3,0.0038838982582092285,0.0,23963.3203125
EleutherAI/pythia-70m,5,256,step256,70426624,6,8,29,5,4,0.006605210714042187,0.0,23963.3203125
EleutherAI/pythia-70m,5,256,step256,70426624,6,8,29,5,5,0.005786904599517584,0.0,23963.3203125
EleutherAI/pythia-70m,5,256,step256,70426624,6,8,29,5,6,0.007092548534274101,0.0,23963.3203125
EleutherAI/pythia-70m,5,256,step256,70426624,6,8,29,5,7,0.0058653042651712894,0.0,23963.3203125
EleutherAI/pythia-70m,5,256,step256,70426624,6,8,30,0,0,0.01316644437611103,0.0,23095.859375
EleutherAI/pythia-70m,5,256,step256,70426624,6,8,30,0,1,0.013667366467416286,0.0,23095.859375
EleutherAI/pythia-70m,5,256,step256,70426624,6,8,30,0,2,0.01329534687101841,0.0,23095.859375
EleutherAI/pythia-70m,5,256,step256,70426624,6,8,30,0,3,0.013764592818915844,0.0,23095.859375
EleutherAI/pythia-70m,5,256,step256,70426624,6,8,30,0,4,0.014275504276156425,0.0,23095.859375
EleutherAI/pythia-70m,5,256,step256,70426624,6,8,30,0,5,0.014336548745632172,0.0,23095.859375
EleutherAI/pythia-70m,5,256,step256,70426624,6,8,30,0,6,0.013079761527478695,0.0,23095.859375
EleutherAI/pythia-70m,5,256,step256,70426624,6,8,30,0,7,0.013617080636322498,0.0,23095.859375
EleutherAI/pythia-70m,5,256,step256,70426624,6,8,30,1,0,0.007352854125201702,0.0,23095.859375
EleutherAI/pythia-70m,5,256,step256,70426624,6,8,30,1,1,0.008571118116378784,0.0,23095.859375
EleutherAI/pythia-70m,5,256,step256,70426624,6,8,30,1,2,0.011300143785774708,0.0,23095.859375
EleutherAI/pythia-70m,5,256,step256,70426624,6,8,30,1,3,0.01353870052844286,0.0,23095.859375
EleutherAI/pythia-70m,5,256,step256,70426624,6,8,30,1,4,0.009718802757561207,0.0,23095.859375
EleutherAI/pythia-70m,5,256,step256,70426624,6,8,30,1,5,0.006108639761805534,0.0,23095.859375
EleutherAI/pythia-70m,5,256,step256,70426624,6,8,30,1,6,0.010749449953436852,0.0,23095.859375
EleutherAI/pythia-70m,5,256,step256,70426624,6,8,30,1,7,0.00968681275844574,0.0,23095.859375
EleutherAI/pythia-70m,5,256,step256,70426624,6,8,30,2,0,0.006200260948389769,0.0,23095.859375
EleutherAI/pythia-70m,5,256,step256,70426624,6,8,30,2,1,0.006936222780495882,0.0,23095.859375
EleutherAI/pythia-70m,5,256,step256,70426624,6,8,30,2,2,0.003279425436630845,0.0,23095.859375
EleutherAI/pythia-70m,5,256,step256,70426624,6,8,30,2,3,0.0060953544452786446,0.0,23095.859375
EleutherAI/pythia-70m,5,256,step256,70426624,6,8,30,2,4,0.010711455717682838,0.0,23095.859375
EleutherAI/pythia-70m,5,256,step256,70426624,6,8,30,2,5,0.003774175886064768,0.0,23095.859375
EleutherAI/pythia-70m,5,256,step256,70426624,6,8,30,2,6,0.004055011086165905,0.0,23095.859375
EleutherAI/pythia-70m,5,256,step256,70426624,6,8,30,2,7,0.007709963712841272,0.0,23095.859375
EleutherAI/pythia-70m,5,256,step256,70426624,6,8,30,3,0,0.0033397015649825335,0.0,23095.859375
EleutherAI/pythia-70m,5,256,step256,70426624,6,8,30,3,1,0.0028890979010611773,0.0,23095.859375
EleutherAI/pythia-70m,5,256,step256,70426624,6,8,30,3,2,0.00505171250551939,0.0,23095.859375
EleutherAI/pythia-70m,5,256,step256,70426624,6,8,30,3,3,0.0025872255209833384,0.0,23095.859375
EleutherAI/pythia-70m,5,256,step256,70426624,6,8,30,3,4,0.009250611998140812,0.0,23095.859375
EleutherAI/pythia-70m,5,256,step256,70426624,6,8,30,3,5,0.0040598176419734955,0.0,23095.859375
EleutherAI/pythia-70m,5,256,step256,70426624,6,8,30,3,6,0.0031165415421128273,0.0,23095.859375
EleutherAI/pythia-70m,5,256,step256,70426624,6,8,30,3,7,0.012116719037294388,0.0,23095.859375
EleutherAI/pythia-70m,5,256,step256,70426624,6,8,30,4,0,0.004030209966003895,0.0,23095.859375
EleutherAI/pythia-70m,5,256,step256,70426624,6,8,30,4,1,0.005659889429807663,0.0,23095.859375
EleutherAI/pythia-70m,5,256,step256,70426624,6,8,30,4,2,0.007546101231127977,0.0,23095.859375
EleutherAI/pythia-70m,5,256,step256,70426624,6,8,30,4,3,0.015749042853713036,0.0,23095.859375
EleutherAI/pythia-70m,5,256,step256,70426624,6,8,30,4,4,0.011819911189377308,0.0,23095.859375
EleutherAI/pythia-70m,5,256,step256,70426624,6,8,30,4,5,0.006459630560129881,0.0,23095.859375
EleutherAI/pythia-70m,5,256,step256,70426624,6,8,30,4,6,0.00437244912609458,0.0,23095.859375
EleutherAI/pythia-70m,5,256,step256,70426624,6,8,30,4,7,0.00761757604777813,0.0,23095.859375
EleutherAI/pythia-70m,5,256,step256,70426624,6,8,30,5,0,0.00914640724658966,0.0,23095.859375
EleutherAI/pythia-70m,5,256,step256,70426624,6,8,30,5,1,0.009840146638453007,0.0,23095.859375
EleutherAI/pythia-70m,5,256,step256,70426624,6,8,30,5,2,0.01235201582312584,0.0,23095.859375
EleutherAI/pythia-70m,5,256,step256,70426624,6,8,30,5,3,0.0025179239455610514,0.0,23095.859375
EleutherAI/pythia-70m,5,256,step256,70426624,6,8,30,5,4,0.00936473160982132,0.0,23095.859375
EleutherAI/pythia-70m,5,256,step256,70426624,6,8,30,5,5,0.0058264718391001225,0.0,23095.859375
EleutherAI/pythia-70m,5,256,step256,70426624,6,8,30,5,6,0.005657481495290995,0.0,23095.859375
EleutherAI/pythia-70m,5,256,step256,70426624,6,8,30,5,7,0.004923555068671703,0.0,23095.859375
EleutherAI/pythia-70m,5,256,step256,70426624,6,8,31,0,0,0.014942680485546589,0.0,25678.400390625
EleutherAI/pythia-70m,5,256,step256,70426624,6,8,31,0,1,0.013966773636639118,0.0,25678.400390625
EleutherAI/pythia-70m,5,256,step256,70426624,6,8,31,0,2,0.013421822339296341,0.0,25678.400390625
EleutherAI/pythia-70m,5,256,step256,70426624,6,8,31,0,3,0.01337209902703762,0.0,25678.400390625
EleutherAI/pythia-70m,5,256,step256,70426624,6,8,31,0,4,0.014640220440924168,0.0,25678.400390625
EleutherAI/pythia-70m,5,256,step256,70426624,6,8,31,0,5,0.012876041233539581,0.0,25678.400390625
EleutherAI/pythia-70m,5,256,step256,70426624,6,8,31,0,6,0.013422408141195774,0.0,25678.400390625
EleutherAI/pythia-70m,5,256,step256,70426624,6,8,31,0,7,0.01521157007664442,0.0,25678.400390625
EleutherAI/pythia-70m,5,256,step256,70426624,6,8,31,1,0,0.00797448493540287,0.0,25678.400390625
EleutherAI/pythia-70m,5,256,step256,70426624,6,8,31,1,1,0.00946468859910965,0.0,25678.400390625
EleutherAI/pythia-70m,5,256,step256,70426624,6,8,31,1,2,0.010174392722547054,0.0,25678.400390625
EleutherAI/pythia-70m,5,256,step256,70426624,6,8,31,1,3,0.011302069760859013,0.0,25678.400390625
EleutherAI/pythia-70m,5,256,step256,70426624,6,8,31,1,4,0.012543153949081898,0.0,25678.400390625
EleutherAI/pythia-70m,5,256,step256,70426624,6,8,31,1,5,0.008625623770058155,0.0,25678.400390625
EleutherAI/pythia-70m,5,256,step256,70426624,6,8,31,1,6,0.01052863523364067,0.0,25678.400390625
EleutherAI/pythia-70m,5,256,step256,70426624,6,8,31,1,7,0.010598169639706612,0.0,25678.400390625
EleutherAI/pythia-70m,5,256,step256,70426624,6,8,31,2,0,0.009113777428865433,0.0,25678.400390625
EleutherAI/pythia-70m,5,256,step256,70426624,6,8,31,2,1,0.0069857132621109486,0.0,25678.400390625
EleutherAI/pythia-70m,5,256,step256,70426624,6,8,31,2,2,0.0038759938906878233,0.0,25678.400390625
EleutherAI/pythia-70m,5,256,step256,70426624,6,8,31,2,3,0.006546116899698973,0.0,25678.400390625
EleutherAI/pythia-70m,5,256,step256,70426624,6,8,31,2,4,0.009005630388855934,0.0,25678.400390625
EleutherAI/pythia-70m,5,256,step256,70426624,6,8,31,2,5,0.0072200787253677845,0.0,25678.400390625
EleutherAI/pythia-70m,5,256,step256,70426624,6,8,31,2,6,0.0038287064526230097,0.0,25678.400390625
EleutherAI/pythia-70m,5,256,step256,70426624,6,8,31,2,7,0.00698164664208889,0.0,25678.400390625
EleutherAI/pythia-70m,5,256,step256,70426624,6,8,31,3,0,0.003979518543928862,0.0,25678.400390625
EleutherAI/pythia-70m,5,256,step256,70426624,6,8,31,3,1,0.004740181379020214,0.0,25678.400390625
EleutherAI/pythia-70m,5,256,step256,70426624,6,8,31,3,2,0.004913652781397104,0.0,25678.400390625
EleutherAI/pythia-70m,5,256,step256,70426624,6,8,31,3,3,0.001769120804965496,0.0,25678.400390625
EleutherAI/pythia-70m,5,256,step256,70426624,6,8,31,3,4,0.007851891219615936,0.0,25678.400390625
EleutherAI/pythia-70m,5,256,step256,70426624,6,8,31,3,5,0.0031821986194700003,0.0,25678.400390625
EleutherAI/pythia-70m,5,256,step256,70426624,6,8,31,3,6,0.0018575488356873393,0.0,25678.400390625
EleutherAI/pythia-70m,5,256,step256,70426624,6,8,31,3,7,0.008810244500637054,0.0,25678.400390625
EleutherAI/pythia-70m,5,256,step256,70426624,6,8,31,4,0,0.0028073517605662346,0.0,25678.400390625
EleutherAI/pythia-70m,5,256,step256,70426624,6,8,31,4,1,0.00605205399915576,0.0,25678.400390625
EleutherAI/pythia-70m,5,256,step256,70426624,6,8,31,4,2,0.00917123630642891,0.0,25678.400390625
EleutherAI/pythia-70m,5,256,step256,70426624,6,8,31,4,3,0.01307311374694109,0.0,25678.400390625
EleutherAI/pythia-70m,5,256,step256,70426624,6,8,31,4,4,0.010879350826144218,0.0,25678.400390625
EleutherAI/pythia-70m,5,256,step256,70426624,6,8,31,4,5,0.0035813208669424057,0.0,25678.400390625
EleutherAI/pythia-70m,5,256,step256,70426624,6,8,31,4,6,0.003784601343795657,0.0,25678.400390625
EleutherAI/pythia-70m,5,256,step256,70426624,6,8,31,4,7,0.0053124516271054745,0.0,25678.400390625
EleutherAI/pythia-70m,5,256,step256,70426624,6,8,31,5,0,0.009726203978061676,0.0,25678.400390625
EleutherAI/pythia-70m,5,256,step256,70426624,6,8,31,5,1,0.00744683388620615,0.0,25678.400390625
EleutherAI/pythia-70m,5,256,step256,70426624,6,8,31,5,2,0.010532545857131481,0.0,25678.400390625
EleutherAI/pythia-70m,5,256,step256,70426624,6,8,31,5,3,0.0030696424655616283,0.0,25678.400390625
EleutherAI/pythia-70m,5,256,step256,70426624,6,8,31,5,4,0.006657770834863186,0.0,25678.400390625
EleutherAI/pythia-70m,5,256,step256,70426624,6,8,31,5,5,0.005143425427377224,0.0,25678.400390625
EleutherAI/pythia-70m,5,256,step256,70426624,6,8,31,5,6,0.006199454888701439,0.0,25678.400390625
EleutherAI/pythia-70m,5,256,step256,70426624,6,8,31,5,7,0.005946371704339981,0.0,25678.400390625
EleutherAI/pythia-70m,5,256,step256,70426624,6,8,32,0,0,0.012367188930511475,0.0,25075.359375
EleutherAI/pythia-70m,5,256,step256,70426624,6,8,32,0,1,0.014917368069291115,0.0,25075.359375
EleutherAI/pythia-70m,5,256,step256,70426624,6,8,32,0,2,0.01550261490046978,0.0,25075.359375
EleutherAI/pythia-70m,5,256,step256,70426624,6,8,32,0,3,0.013180271722376347,0.0,25075.359375
EleutherAI/pythia-70m,5,256,step256,70426624,6,8,32,0,4,0.013337664306163788,0.0,25075.359375
EleutherAI/pythia-70m,5,256,step256,70426624,6,8,32,0,5,0.013915094546973705,0.0,25075.359375
EleutherAI/pythia-70m,5,256,step256,70426624,6,8,32,0,6,0.014403282664716244,0.0,25075.359375
EleutherAI/pythia-70m,5,256,step256,70426624,6,8,32,0,7,0.015443837270140648,0.0,25075.359375
EleutherAI/pythia-70m,5,256,step256,70426624,6,8,32,1,0,0.007598688825964928,0.0,25075.359375
EleutherAI/pythia-70m,5,256,step256,70426624,6,8,32,1,1,0.008852235041558743,0.0,25075.359375
EleutherAI/pythia-70m,5,256,step256,70426624,6,8,32,1,2,0.009285951964557171,0.0,25075.359375
EleutherAI/pythia-70m,5,256,step256,70426624,6,8,32,1,3,0.011421283707022667,0.0,25075.359375
EleutherAI/pythia-70m,5,256,step256,70426624,6,8,32,1,4,0.00854075513780117,0.0,25075.359375
EleutherAI/pythia-70m,5,256,step256,70426624,6,8,32,1,5,0.007715554907917976,0.0,25075.359375
EleutherAI/pythia-70m,5,256,step256,70426624,6,8,32,1,6,0.009373819455504417,0.0,25075.359375
EleutherAI/pythia-70m,5,256,step256,70426624,6,8,32,1,7,0.011100743897259235,0.0,25075.359375
EleutherAI/pythia-70m,5,256,step256,70426624,6,8,32,2,0,0.005433785263448954,0.0,25075.359375
EleutherAI/pythia-70m,5,256,step256,70426624,6,8,32,2,1,0.005987686570733786,0.0,25075.359375
EleutherAI/pythia-70m,5,256,step256,70426624,6,8,32,2,2,0.002830137498676777,0.0,25075.359375
EleutherAI/pythia-70m,5,256,step256,70426624,6,8,32,2,3,0.006365256384015083,0.0,25075.359375
EleutherAI/pythia-70m,5,256,step256,70426624,6,8,32,2,4,0.010699646547436714,0.0,25075.359375
EleutherAI/pythia-70m,5,256,step256,70426624,6,8,32,2,5,0.004238818306475878,0.0,25075.359375
EleutherAI/pythia-70m,5,256,step256,70426624,6,8,32,2,6,0.003984425216913223,0.0,25075.359375
EleutherAI/pythia-70m,5,256,step256,70426624,6,8,32,2,7,0.0056367297656834126,0.0,25075.359375
EleutherAI/pythia-70m,5,256,step256,70426624,6,8,32,3,0,0.0027359563391655684,0.0,25075.359375
EleutherAI/pythia-70m,5,256,step256,70426624,6,8,32,3,1,0.0025413420516997576,0.0,25075.359375
EleutherAI/pythia-70m,5,256,step256,70426624,6,8,32,3,2,0.0034162753727287054,0.0,25075.359375
EleutherAI/pythia-70m,5,256,step256,70426624,6,8,32,3,3,0.00174067378975451,0.0,25075.359375
EleutherAI/pythia-70m,5,256,step256,70426624,6,8,32,3,4,0.00673368014395237,0.0,25075.359375
EleutherAI/pythia-70m,5,256,step256,70426624,6,8,32,3,5,0.0023924929555505514,0.0,25075.359375
EleutherAI/pythia-70m,5,256,step256,70426624,6,8,32,3,6,0.001454677782021463,0.0,25075.359375
EleutherAI/pythia-70m,5,256,step256,70426624,6,8,32,3,7,0.00886431336402893,0.0,25075.359375
EleutherAI/pythia-70m,5,256,step256,70426624,6,8,32,4,0,0.0012396748643368483,0.0,25075.359375
EleutherAI/pythia-70m,5,256,step256,70426624,6,8,32,4,1,0.005912782158702612,0.0,25075.359375
EleutherAI/pythia-70m,5,256,step256,70426624,6,8,32,4,2,0.01031098049134016,0.0,25075.359375
EleutherAI/pythia-70m,5,256,step256,70426624,6,8,32,4,3,0.012894289568066597,0.0,25075.359375
EleutherAI/pythia-70m,5,256,step256,70426624,6,8,32,4,4,0.010962643660604954,0.0,25075.359375
EleutherAI/pythia-70m,5,256,step256,70426624,6,8,32,4,5,0.005167079623788595,0.0,25075.359375
EleutherAI/pythia-70m,5,256,step256,70426624,6,8,32,4,6,0.002166661201044917,0.0,25075.359375
EleutherAI/pythia-70m,5,256,step256,70426624,6,8,32,4,7,0.005632009357213974,0.0,25075.359375
EleutherAI/pythia-70m,5,256,step256,70426624,6,8,32,5,0,0.007124800235033035,0.0,25075.359375
EleutherAI/pythia-70m,5,256,step256,70426624,6,8,32,5,1,0.006788024213165045,0.0,25075.359375
EleutherAI/pythia-70m,5,256,step256,70426624,6,8,32,5,2,0.00924207828938961,0.0,25075.359375
EleutherAI/pythia-70m,5,256,step256,70426624,6,8,32,5,3,0.002766064601019025,0.0,25075.359375
EleutherAI/pythia-70m,5,256,step256,70426624,6,8,32,5,4,0.006523238494992256,0.0,25075.359375
EleutherAI/pythia-70m,5,256,step256,70426624,6,8,32,5,5,0.005536547861993313,0.0,25075.359375
EleutherAI/pythia-70m,5,256,step256,70426624,6,8,32,5,6,0.007750335149466991,0.0,25075.359375
EleutherAI/pythia-70m,5,256,step256,70426624,6,8,32,5,7,0.006315373349934816,0.0,25075.359375
EleutherAI/pythia-70m,5,256,step256,70426624,6,8,33,0,0,0.015664415434002876,0.0,25505.900390625
EleutherAI/pythia-70m,5,256,step256,70426624,6,8,33,0,1,0.01514690276235342,0.0,25505.900390625
EleutherAI/pythia-70m,5,256,step256,70426624,6,8,33,0,2,0.015352282673120499,0.0,25505.900390625
EleutherAI/pythia-70m,5,256,step256,70426624,6,8,33,0,3,0.014328187331557274,0.0,25505.900390625
EleutherAI/pythia-70m,5,256,step256,70426624,6,8,33,0,4,0.01346694864332676,0.0,25505.900390625
EleutherAI/pythia-70m,5,256,step256,70426624,6,8,33,0,5,0.01458653248846531,0.0,25505.900390625
EleutherAI/pythia-70m,5,256,step256,70426624,6,8,33,0,6,0.011837206780910492,0.0,25505.900390625
EleutherAI/pythia-70m,5,256,step256,70426624,6,8,33,0,7,0.014356228522956371,0.0,25505.900390625
EleutherAI/pythia-70m,5,256,step256,70426624,6,8,33,1,0,0.011903776787221432,0.0,25505.900390625
EleutherAI/pythia-70m,5,256,step256,70426624,6,8,33,1,1,0.01031455397605896,0.0,25505.900390625
EleutherAI/pythia-70m,5,256,step256,70426624,6,8,33,1,2,0.010193717665970325,0.0,25505.900390625
EleutherAI/pythia-70m,5,256,step256,70426624,6,8,33,1,3,0.012069902382791042,0.0,25505.900390625
EleutherAI/pythia-70m,5,256,step256,70426624,6,8,33,1,4,0.009731117635965347,0.0,25505.900390625
EleutherAI/pythia-70m,5,256,step256,70426624,6,8,33,1,5,0.008479729294776917,0.0,25505.900390625
EleutherAI/pythia-70m,5,256,step256,70426624,6,8,33,1,6,0.011040730401873589,0.0,25505.900390625
EleutherAI/pythia-70m,5,256,step256,70426624,6,8,33,1,7,0.011071356944739819,0.0,25505.900390625
EleutherAI/pythia-70m,5,256,step256,70426624,6,8,33,2,0,0.00843395572155714,0.0,25505.900390625
EleutherAI/pythia-70m,5,256,step256,70426624,6,8,33,2,1,0.007188630755990744,0.0,25505.900390625
EleutherAI/pythia-70m,5,256,step256,70426624,6,8,33,2,2,0.002923795487731695,0.0,25505.900390625
EleutherAI/pythia-70m,5,256,step256,70426624,6,8,33,2,3,0.005577212665230036,0.0,25505.900390625
EleutherAI/pythia-70m,5,256,step256,70426624,6,8,33,2,4,0.01190574374049902,0.0,25505.900390625
EleutherAI/pythia-70m,5,256,step256,70426624,6,8,33,2,5,0.005193329881876707,0.0,25505.900390625
EleutherAI/pythia-70m,5,256,step256,70426624,6,8,33,2,6,0.004618046339601278,0.0,25505.900390625
EleutherAI/pythia-70m,5,256,step256,70426624,6,8,33,2,7,0.007290622219443321,0.0,25505.900390625
EleutherAI/pythia-70m,5,256,step256,70426624,6,8,33,3,0,0.0038601565174758434,0.0,25505.900390625
EleutherAI/pythia-70m,5,256,step256,70426624,6,8,33,3,1,0.0024438085965812206,0.0,25505.900390625
EleutherAI/pythia-70m,5,256,step256,70426624,6,8,33,3,2,0.006372298114001751,0.0,25505.900390625
EleutherAI/pythia-70m,5,256,step256,70426624,6,8,33,3,3,0.001674404600635171,0.0,25505.900390625
EleutherAI/pythia-70m,5,256,step256,70426624,6,8,33,3,4,0.007272112183272839,0.0,25505.900390625
EleutherAI/pythia-70m,5,256,step256,70426624,6,8,33,3,5,0.0040086801163852215,0.0,25505.900390625
EleutherAI/pythia-70m,5,256,step256,70426624,6,8,33,3,6,0.002786105964332819,0.0,25505.900390625
EleutherAI/pythia-70m,5,256,step256,70426624,6,8,33,3,7,0.0067803142592310905,0.0,25505.900390625
EleutherAI/pythia-70m,5,256,step256,70426624,6,8,33,4,0,0.0027977037243545055,0.0,25505.900390625
EleutherAI/pythia-70m,5,256,step256,70426624,6,8,33,4,1,0.005356743931770325,0.0,25505.900390625
EleutherAI/pythia-70m,5,256,step256,70426624,6,8,33,4,2,0.007962806150317192,0.0,25505.900390625
EleutherAI/pythia-70m,5,256,step256,70426624,6,8,33,4,3,0.01226732973009348,0.0,25505.900390625
EleutherAI/pythia-70m,5,256,step256,70426624,6,8,33,4,4,0.010108863934874535,0.0,25505.900390625
EleutherAI/pythia-70m,5,256,step256,70426624,6,8,33,4,5,0.005827608052641153,0.0,25505.900390625
EleutherAI/pythia-70m,5,256,step256,70426624,6,8,33,4,6,0.0029130661860108376,0.0,25505.900390625
EleutherAI/pythia-70m,5,256,step256,70426624,6,8,33,4,7,0.006001652684062719,0.0,25505.900390625
EleutherAI/pythia-70m,5,256,step256,70426624,6,8,33,5,0,0.008425423875451088,0.0,25505.900390625
EleutherAI/pythia-70m,5,256,step256,70426624,6,8,33,5,1,0.005550884176045656,0.0,25505.900390625
EleutherAI/pythia-70m,5,256,step256,70426624,6,8,33,5,2,0.012589744292199612,0.0,25505.900390625
EleutherAI/pythia-70m,5,256,step256,70426624,6,8,33,5,3,0.004190276376903057,0.0,25505.900390625
EleutherAI/pythia-70m,5,256,step256,70426624,6,8,33,5,4,0.006357567384839058,0.0,25505.900390625
EleutherAI/pythia-70m,5,256,step256,70426624,6,8,33,5,5,0.005979135632514954,0.0,25505.900390625
EleutherAI/pythia-70m,5,256,step256,70426624,6,8,33,5,6,0.005151091143488884,0.0,25505.900390625
EleutherAI/pythia-70m,5,256,step256,70426624,6,8,33,5,7,0.007142083719372749,0.0,25505.900390625
EleutherAI/pythia-70m,5,256,step256,70426624,6,8,34,0,0,0.014123013243079185,0.0,26388.98046875
EleutherAI/pythia-70m,5,256,step256,70426624,6,8,34,0,1,0.013734614476561546,0.0,26388.98046875
EleutherAI/pythia-70m,5,256,step256,70426624,6,8,34,0,2,0.013298208825290203,0.0,26388.98046875
EleutherAI/pythia-70m,5,256,step256,70426624,6,8,34,0,3,0.014041291549801826,0.0,26388.98046875
EleutherAI/pythia-70m,5,256,step256,70426624,6,8,34,0,4,0.015271509066224098,0.0,26388.98046875
EleutherAI/pythia-70m,5,256,step256,70426624,6,8,34,0,5,0.01423856895416975,0.0,26388.98046875
EleutherAI/pythia-70m,5,256,step256,70426624,6,8,34,0,6,0.013305895030498505,0.0,26388.98046875
EleutherAI/pythia-70m,5,256,step256,70426624,6,8,34,0,7,0.013580190017819405,0.0,26388.98046875
EleutherAI/pythia-70m,5,256,step256,70426624,6,8,34,1,0,0.00955172535032034,0.0,26388.98046875
EleutherAI/pythia-70m,5,256,step256,70426624,6,8,34,1,1,0.008719547651708126,0.0,26388.98046875
EleutherAI/pythia-70m,5,256,step256,70426624,6,8,34,1,2,0.010285217314958572,0.0,26388.98046875
EleutherAI/pythia-70m,5,256,step256,70426624,6,8,34,1,3,0.011129936203360558,0.0,26388.98046875
EleutherAI/pythia-70m,5,256,step256,70426624,6,8,34,1,4,0.009287416003644466,0.0,26388.98046875
EleutherAI/pythia-70m,5,256,step256,70426624,6,8,34,1,5,0.010080158710479736,0.0,26388.98046875
EleutherAI/pythia-70m,5,256,step256,70426624,6,8,34,1,6,0.010193955153226852,0.0,26388.98046875
EleutherAI/pythia-70m,5,256,step256,70426624,6,8,34,1,7,0.010850738734006882,0.0,26388.98046875
EleutherAI/pythia-70m,5,256,step256,70426624,6,8,34,2,0,0.007002867292612791,0.0,26388.98046875
EleutherAI/pythia-70m,5,256,step256,70426624,6,8,34,2,1,0.006994066294282675,0.0,26388.98046875
EleutherAI/pythia-70m,5,256,step256,70426624,6,8,34,2,2,0.004192934837192297,0.0,26388.98046875
EleutherAI/pythia-70m,5,256,step256,70426624,6,8,34,2,3,0.006981321610510349,0.0,26388.98046875
EleutherAI/pythia-70m,5,256,step256,70426624,6,8,34,2,4,0.014525720849633217,0.0,26388.98046875
EleutherAI/pythia-70m,5,256,step256,70426624,6,8,34,2,5,0.008623311296105385,0.0,26388.98046875
EleutherAI/pythia-70m,5,256,step256,70426624,6,8,34,2,6,0.005149643402546644,0.0,26388.98046875
EleutherAI/pythia-70m,5,256,step256,70426624,6,8,34,2,7,0.006467441096901894,0.0,26388.98046875
EleutherAI/pythia-70m,5,256,step256,70426624,6,8,34,3,0,0.005031066481024027,0.0,26388.98046875
EleutherAI/pythia-70m,5,256,step256,70426624,6,8,34,3,1,0.003521441016346216,0.0,26388.98046875
EleutherAI/pythia-70m,5,256,step256,70426624,6,8,34,3,2,0.005299061071127653,0.0,26388.98046875
EleutherAI/pythia-70m,5,256,step256,70426624,6,8,34,3,3,0.0019945595413446426,0.0,26388.98046875
EleutherAI/pythia-70m,5,256,step256,70426624,6,8,34,3,4,0.008977141231298447,0.0,26388.98046875
EleutherAI/pythia-70m,5,256,step256,70426624,6,8,34,3,5,0.00294740148819983,0.0,26388.98046875
EleutherAI/pythia-70m,5,256,step256,70426624,6,8,34,3,6,0.0017951424233615398,0.0,26388.98046875
EleutherAI/pythia-70m,5,256,step256,70426624,6,8,34,3,7,0.011482668109238148,0.0,26388.98046875
EleutherAI/pythia-70m,5,256,step256,70426624,6,8,34,4,0,0.0017747965175658464,0.0,26388.98046875
EleutherAI/pythia-70m,5,256,step256,70426624,6,8,34,4,1,0.00449888501316309,0.0,26388.98046875
EleutherAI/pythia-70m,5,256,step256,70426624,6,8,34,4,2,0.006015530321747065,0.0,26388.98046875
EleutherAI/pythia-70m,5,256,step256,70426624,6,8,34,4,3,0.01325087808072567,0.0,26388.98046875
EleutherAI/pythia-70m,5,256,step256,70426624,6,8,34,4,4,0.013506697490811348,0.0,26388.98046875
EleutherAI/pythia-70m,5,256,step256,70426624,6,8,34,4,5,0.003884325735270977,0.0,26388.98046875
EleutherAI/pythia-70m,5,256,step256,70426624,6,8,34,4,6,0.0035942529793828726,0.0,26388.98046875
EleutherAI/pythia-70m,5,256,step256,70426624,6,8,34,4,7,0.00692138122394681,0.0,26388.98046875
EleutherAI/pythia-70m,5,256,step256,70426624,6,8,34,5,0,0.009829486720263958,0.0,26388.98046875
EleutherAI/pythia-70m,5,256,step256,70426624,6,8,34,5,1,0.006937418598681688,0.0,26388.98046875
EleutherAI/pythia-70m,5,256,step256,70426624,6,8,34,5,2,0.010603763163089752,0.0,26388.98046875
EleutherAI/pythia-70m,5,256,step256,70426624,6,8,34,5,3,0.0018204853404313326,0.0,26388.98046875
EleutherAI/pythia-70m,5,256,step256,70426624,6,8,34,5,4,0.007805037312209606,0.0,26388.98046875
EleutherAI/pythia-70m,5,256,step256,70426624,6,8,34,5,5,0.009136500768363476,0.0,26388.98046875
EleutherAI/pythia-70m,5,256,step256,70426624,6,8,34,5,6,0.00511778611689806,0.0,26388.98046875
EleutherAI/pythia-70m,5,256,step256,70426624,6,8,34,5,7,0.005599217489361763,0.0,26388.98046875
EleutherAI/pythia-70m,5,256,step256,70426624,6,8,35,0,0,0.013876264914870262,0.0,24721.279296875
EleutherAI/pythia-70m,5,256,step256,70426624,6,8,35,0,1,0.014474105089902878,0.0,24721.279296875
EleutherAI/pythia-70m,5,256,step256,70426624,6,8,35,0,2,0.01330622285604477,0.0,24721.279296875
EleutherAI/pythia-70m,5,256,step256,70426624,6,8,35,0,3,0.013795082457363605,0.0,24721.279296875
EleutherAI/pythia-70m,5,256,step256,70426624,6,8,35,0,4,0.014115405268967152,0.0,24721.279296875
EleutherAI/pythia-70m,5,256,step256,70426624,6,8,35,0,5,0.013140100985765457,0.0,24721.279296875
EleutherAI/pythia-70m,5,256,step256,70426624,6,8,35,0,6,0.0146781662479043,0.0,24721.279296875
EleutherAI/pythia-70m,5,256,step256,70426624,6,8,35,0,7,0.014193981885910034,0.0,24721.279296875
EleutherAI/pythia-70m,5,256,step256,70426624,6,8,35,1,0,0.00801481306552887,0.0,24721.279296875
EleutherAI/pythia-70m,5,256,step256,70426624,6,8,35,1,1,0.011402248404920101,0.0,24721.279296875
EleutherAI/pythia-70m,5,256,step256,70426624,6,8,35,1,2,0.010399498045444489,0.0,24721.279296875
EleutherAI/pythia-70m,5,256,step256,70426624,6,8,35,1,3,0.011994587257504463,0.0,24721.279296875
EleutherAI/pythia-70m,5,256,step256,70426624,6,8,35,1,4,0.010332426056265831,0.0,24721.279296875
EleutherAI/pythia-70m,5,256,step256,70426624,6,8,35,1,5,0.007557371631264687,0.0,24721.279296875
EleutherAI/pythia-70m,5,256,step256,70426624,6,8,35,1,6,0.00991798285394907,0.0,24721.279296875
EleutherAI/pythia-70m,5,256,step256,70426624,6,8,35,1,7,0.00964159145951271,0.0,24721.279296875
EleutherAI/pythia-70m,5,256,step256,70426624,6,8,35,2,0,0.006276953034102917,0.0,24721.279296875
EleutherAI/pythia-70m,5,256,step256,70426624,6,8,35,2,1,0.005768220871686935,0.0,24721.279296875
EleutherAI/pythia-70m,5,256,step256,70426624,6,8,35,2,2,0.002892512595281005,0.0,24721.279296875
EleutherAI/pythia-70m,5,256,step256,70426624,6,8,35,2,3,0.008070834912359715,0.0,24721.279296875
EleutherAI/pythia-70m,5,256,step256,70426624,6,8,35,2,4,0.011885207146406174,0.0,24721.279296875
EleutherAI/pythia-70m,5,256,step256,70426624,6,8,35,2,5,0.00587226077914238,0.0,24721.279296875
EleutherAI/pythia-70m,5,256,step256,70426624,6,8,35,2,6,0.0075154597871005535,0.0,24721.279296875
EleutherAI/pythia-70m,5,256,step256,70426624,6,8,35,2,7,0.007038753479719162,0.0,24721.279296875
EleutherAI/pythia-70m,5,256,step256,70426624,6,8,35,3,0,0.0027621439658105373,0.0,24721.279296875
EleutherAI/pythia-70m,5,256,step256,70426624,6,8,35,3,1,0.0026088296435773373,0.0,24721.279296875
EleutherAI/pythia-70m,5,256,step256,70426624,6,8,35,3,2,0.004693102091550827,0.0,24721.279296875
EleutherAI/pythia-70m,5,256,step256,70426624,6,8,35,3,3,0.00157229695469141,0.0,24721.279296875
EleutherAI/pythia-70m,5,256,step256,70426624,6,8,35,3,4,0.00558194937184453,0.0,24721.279296875
EleutherAI/pythia-70m,5,256,step256,70426624,6,8,35,3,5,0.0024677508044987917,0.0,24721.279296875
EleutherAI/pythia-70m,5,256,step256,70426624,6,8,35,3,6,0.001970934681594372,0.0,24721.279296875
EleutherAI/pythia-70m,5,256,step256,70426624,6,8,35,3,7,0.00930838193744421,0.0,24721.279296875
EleutherAI/pythia-70m,5,256,step256,70426624,6,8,35,4,0,0.002700057113543153,0.0,24721.279296875
EleutherAI/pythia-70m,5,256,step256,70426624,6,8,35,4,1,0.003950884565711021,0.0,24721.279296875
EleutherAI/pythia-70m,5,256,step256,70426624,6,8,35,4,2,0.008186915889382362,0.0,24721.279296875
EleutherAI/pythia-70m,5,256,step256,70426624,6,8,35,4,3,0.013831403106451035,0.0,24721.279296875
EleutherAI/pythia-70m,5,256,step256,70426624,6,8,35,4,4,0.009456103667616844,0.0,24721.279296875
EleutherAI/pythia-70m,5,256,step256,70426624,6,8,35,4,5,0.00311142741702497,0.0,24721.279296875
EleutherAI/pythia-70m,5,256,step256,70426624,6,8,35,4,6,0.003184366272762418,0.0,24721.279296875
EleutherAI/pythia-70m,5,256,step256,70426624,6,8,35,4,7,0.006202132906764746,0.0,24721.279296875
EleutherAI/pythia-70m,5,256,step256,70426624,6,8,35,5,0,0.006638812832534313,0.0,24721.279296875
EleutherAI/pythia-70m,5,256,step256,70426624,6,8,35,5,1,0.007704765070229769,0.0,24721.279296875
EleutherAI/pythia-70m,5,256,step256,70426624,6,8,35,5,2,0.011407174170017242,0.0,24721.279296875
EleutherAI/pythia-70m,5,256,step256,70426624,6,8,35,5,3,0.0024472030345350504,0.0,24721.279296875
EleutherAI/pythia-70m,5,256,step256,70426624,6,8,35,5,4,0.005499385762959719,0.0,24721.279296875
EleutherAI/pythia-70m,5,256,step256,70426624,6,8,35,5,5,0.004584058187901974,0.0,24721.279296875
EleutherAI/pythia-70m,5,256,step256,70426624,6,8,35,5,6,0.00528543908149004,0.0,24721.279296875
EleutherAI/pythia-70m,5,256,step256,70426624,6,8,35,5,7,0.004176097456365824,0.0,24721.279296875
EleutherAI/pythia-70m,5,256,step256,70426624,6,8,36,0,0,0.012713538482785225,0.0,27688.119140625
EleutherAI/pythia-70m,5,256,step256,70426624,6,8,36,0,1,0.013530143536627293,0.0,27688.119140625
EleutherAI/pythia-70m,5,256,step256,70426624,6,8,36,0,2,0.013355833478271961,0.0,27688.119140625
EleutherAI/pythia-70m,5,256,step256,70426624,6,8,36,0,3,0.01542750746011734,0.0,27688.119140625
EleutherAI/pythia-70m,5,256,step256,70426624,6,8,36,0,4,0.014112561009824276,0.0,27688.119140625
EleutherAI/pythia-70m,5,256,step256,70426624,6,8,36,0,5,0.012904798611998558,0.0,27688.119140625
EleutherAI/pythia-70m,5,256,step256,70426624,6,8,36,0,6,0.012176143005490303,0.0,27688.119140625
EleutherAI/pythia-70m,5,256,step256,70426624,6,8,36,0,7,0.014022245071828365,0.0,27688.119140625
EleutherAI/pythia-70m,5,256,step256,70426624,6,8,36,1,0,0.008096679113805294,0.0,27688.119140625
EleutherAI/pythia-70m,5,256,step256,70426624,6,8,36,1,1,0.009064171463251114,0.0,27688.119140625
EleutherAI/pythia-70m,5,256,step256,70426624,6,8,36,1,2,0.01150445081293583,0.0,27688.119140625
EleutherAI/pythia-70m,5,256,step256,70426624,6,8,36,1,3,0.012208223342895508,0.0,27688.119140625
EleutherAI/pythia-70m,5,256,step256,70426624,6,8,36,1,4,0.008722898550331593,0.0,27688.119140625
EleutherAI/pythia-70m,5,256,step256,70426624,6,8,36,1,5,0.008856687694787979,0.0,27688.119140625
EleutherAI/pythia-70m,5,256,step256,70426624,6,8,36,1,6,0.009729120880365372,0.0,27688.119140625
EleutherAI/pythia-70m,5,256,step256,70426624,6,8,36,1,7,0.010963051579892635,0.0,27688.119140625
EleutherAI/pythia-70m,5,256,step256,70426624,6,8,36,2,0,0.006625059992074966,0.0,27688.119140625
EleutherAI/pythia-70m,5,256,step256,70426624,6,8,36,2,1,0.005204940214753151,0.0,27688.119140625
EleutherAI/pythia-70m,5,256,step256,70426624,6,8,36,2,2,0.0022518157493323088,0.0,27688.119140625
EleutherAI/pythia-70m,5,256,step256,70426624,6,8,36,2,3,0.008439894765615463,0.0,27688.119140625
EleutherAI/pythia-70m,5,256,step256,70426624,6,8,36,2,4,0.00797958578914404,0.0,27688.119140625
EleutherAI/pythia-70m,5,256,step256,70426624,6,8,36,2,5,0.005057896487414837,0.0,27688.119140625
EleutherAI/pythia-70m,5,256,step256,70426624,6,8,36,2,6,0.003072344698011875,0.0,27688.119140625
EleutherAI/pythia-70m,5,256,step256,70426624,6,8,36,2,7,0.004891887307167053,0.0,27688.119140625
EleutherAI/pythia-70m,5,256,step256,70426624,6,8,36,3,0,0.003325807163491845,0.0,27688.119140625
EleutherAI/pythia-70m,5,256,step256,70426624,6,8,36,3,1,0.0017010015435516834,0.0,27688.119140625
EleutherAI/pythia-70m,5,256,step256,70426624,6,8,36,3,2,0.00451273936778307,0.0,27688.119140625
EleutherAI/pythia-70m,5,256,step256,70426624,6,8,36,3,3,0.0008984899031929672,0.0,27688.119140625
EleutherAI/pythia-70m,5,256,step256,70426624,6,8,36,3,4,0.008461729623377323,0.0,27688.119140625
EleutherAI/pythia-70m,5,256,step256,70426624,6,8,36,3,5,0.002311829710379243,0.0,27688.119140625
EleutherAI/pythia-70m,5,256,step256,70426624,6,8,36,3,6,0.0016377947758883238,0.0,27688.119140625
EleutherAI/pythia-70m,5,256,step256,70426624,6,8,36,3,7,0.011924641206860542,0.0,27688.119140625
EleutherAI/pythia-70m,5,256,step256,70426624,6,8,36,4,0,0.0021224499214440584,0.0,27688.119140625
EleutherAI/pythia-70m,5,256,step256,70426624,6,8,36,4,1,0.004527509678155184,0.0,27688.119140625
EleutherAI/pythia-70m,5,256,step256,70426624,6,8,36,4,2,0.007672693580389023,0.0,27688.119140625
EleutherAI/pythia-70m,5,256,step256,70426624,6,8,36,4,3,0.014594018459320068,0.0,27688.119140625
EleutherAI/pythia-70m,5,256,step256,70426624,6,8,36,4,4,0.00664878124371171,0.0,27688.119140625
EleutherAI/pythia-70m,5,256,step256,70426624,6,8,36,4,5,0.0043327417224645615,0.0,27688.119140625
EleutherAI/pythia-70m,5,256,step256,70426624,6,8,36,4,6,0.0019447484519332647,0.0,27688.119140625
EleutherAI/pythia-70m,5,256,step256,70426624,6,8,36,4,7,0.005750545300543308,0.0,27688.119140625
EleutherAI/pythia-70m,5,256,step256,70426624,6,8,36,5,0,0.006867246702313423,0.0,27688.119140625
EleutherAI/pythia-70m,5,256,step256,70426624,6,8,36,5,1,0.004724024794995785,0.0,27688.119140625
EleutherAI/pythia-70m,5,256,step256,70426624,6,8,36,5,2,0.01513584889471531,0.0,27688.119140625
EleutherAI/pythia-70m,5,256,step256,70426624,6,8,36,5,3,0.0016907816752791405,0.0,27688.119140625
EleutherAI/pythia-70m,5,256,step256,70426624,6,8,36,5,4,0.006715310271829367,0.0,27688.119140625
EleutherAI/pythia-70m,5,256,step256,70426624,6,8,36,5,5,0.002982932375743985,0.0,27688.119140625
EleutherAI/pythia-70m,5,256,step256,70426624,6,8,36,5,6,0.006967939902096987,0.0,27688.119140625
EleutherAI/pythia-70m,5,256,step256,70426624,6,8,36,5,7,0.002906477777287364,0.0,27688.119140625
EleutherAI/pythia-70m,5,256,step256,70426624,6,8,37,0,0,0.014786400832235813,0.0,24461.66015625
EleutherAI/pythia-70m,5,256,step256,70426624,6,8,37,0,1,0.012826899066567421,0.0,24461.66015625
EleutherAI/pythia-70m,5,256,step256,70426624,6,8,37,0,2,0.013647714629769325,0.0,24461.66015625
EleutherAI/pythia-70m,5,256,step256,70426624,6,8,37,0,3,0.013559656217694283,0.0,24461.66015625
EleutherAI/pythia-70m,5,256,step256,70426624,6,8,37,0,4,0.013175969012081623,0.0,24461.66015625
EleutherAI/pythia-70m,5,256,step256,70426624,6,8,37,0,5,0.013206414878368378,0.0,24461.66015625
EleutherAI/pythia-70m,5,256,step256,70426624,6,8,37,0,6,0.014661814086139202,0.0,24461.66015625
EleutherAI/pythia-70m,5,256,step256,70426624,6,8,37,0,7,0.014293700456619263,0.0,24461.66015625
EleutherAI/pythia-70m,5,256,step256,70426624,6,8,37,1,0,0.007929673418402672,0.0,24461.66015625
EleutherAI/pythia-70m,5,256,step256,70426624,6,8,37,1,1,0.007958131842315197,0.0,24461.66015625
EleutherAI/pythia-70m,5,256,step256,70426624,6,8,37,1,2,0.01061637420207262,0.0,24461.66015625
EleutherAI/pythia-70m,5,256,step256,70426624,6,8,37,1,3,0.012064583599567413,0.0,24461.66015625
EleutherAI/pythia-70m,5,256,step256,70426624,6,8,37,1,4,0.01072021760046482,0.0,24461.66015625
EleutherAI/pythia-70m,5,256,step256,70426624,6,8,37,1,5,0.007884906604886055,0.0,24461.66015625
EleutherAI/pythia-70m,5,256,step256,70426624,6,8,37,1,6,0.011026251129806042,0.0,24461.66015625
EleutherAI/pythia-70m,5,256,step256,70426624,6,8,37,1,7,0.011385292746126652,0.0,24461.66015625
EleutherAI/pythia-70m,5,256,step256,70426624,6,8,37,2,0,0.006587929092347622,0.0,24461.66015625
EleutherAI/pythia-70m,5,256,step256,70426624,6,8,37,2,1,0.006296264939010143,0.0,24461.66015625
EleutherAI/pythia-70m,5,256,step256,70426624,6,8,37,2,2,0.003146675880998373,0.0,24461.66015625
EleutherAI/pythia-70m,5,256,step256,70426624,6,8,37,2,3,0.006895165424793959,0.0,24461.66015625
EleutherAI/pythia-70m,5,256,step256,70426624,6,8,37,2,4,0.010832742787897587,0.0,24461.66015625
EleutherAI/pythia-70m,5,256,step256,70426624,6,8,37,2,5,0.004623182583600283,0.0,24461.66015625
EleutherAI/pythia-70m,5,256,step256,70426624,6,8,37,2,6,0.0037823242601007223,0.0,24461.66015625
EleutherAI/pythia-70m,5,256,step256,70426624,6,8,37,2,7,0.005941922776401043,0.0,24461.66015625
EleutherAI/pythia-70m,5,256,step256,70426624,6,8,37,3,0,0.003214210271835327,0.0,24461.66015625
EleutherAI/pythia-70m,5,256,step256,70426624,6,8,37,3,1,0.0027855157386511564,0.0,24461.66015625
EleutherAI/pythia-70m,5,256,step256,70426624,6,8,37,3,2,0.005048464052379131,0.0,24461.66015625
EleutherAI/pythia-70m,5,256,step256,70426624,6,8,37,3,3,0.0033923322334885597,0.0,24461.66015625
EleutherAI/pythia-70m,5,256,step256,70426624,6,8,37,3,4,0.008941049687564373,0.0,24461.66015625
EleutherAI/pythia-70m,5,256,step256,70426624,6,8,37,3,5,0.00396730238571763,0.0,24461.66015625
EleutherAI/pythia-70m,5,256,step256,70426624,6,8,37,3,6,0.0033230516128242016,0.0,24461.66015625
EleutherAI/pythia-70m,5,256,step256,70426624,6,8,37,3,7,0.013040789403021336,0.0,24461.66015625
EleutherAI/pythia-70m,5,256,step256,70426624,6,8,37,4,0,0.0018393837381154299,0.0,24461.66015625
EleutherAI/pythia-70m,5,256,step256,70426624,6,8,37,4,1,0.005890680477023125,0.0,24461.66015625
EleutherAI/pythia-70m,5,256,step256,70426624,6,8,37,4,2,0.00829121470451355,0.0,24461.66015625
EleutherAI/pythia-70m,5,256,step256,70426624,6,8,37,4,3,0.014131801202893257,0.0,24461.66015625
EleutherAI/pythia-70m,5,256,step256,70426624,6,8,37,4,4,0.01062200590968132,0.0,24461.66015625
EleutherAI/pythia-70m,5,256,step256,70426624,6,8,37,4,5,0.006019307300448418,0.0,24461.66015625
EleutherAI/pythia-70m,5,256,step256,70426624,6,8,37,4,6,0.003876569215208292,0.0,24461.66015625
EleutherAI/pythia-70m,5,256,step256,70426624,6,8,37,4,7,0.005609616637229919,0.0,24461.66015625
EleutherAI/pythia-70m,5,256,step256,70426624,6,8,37,5,0,0.009691855870187283,0.0,24461.66015625
EleutherAI/pythia-70m,5,256,step256,70426624,6,8,37,5,1,0.007900605909526348,0.0,24461.66015625
EleutherAI/pythia-70m,5,256,step256,70426624,6,8,37,5,2,0.009203827008605003,0.0,24461.66015625
EleutherAI/pythia-70m,5,256,step256,70426624,6,8,37,5,3,0.003158476436510682,0.0,24461.66015625
EleutherAI/pythia-70m,5,256,step256,70426624,6,8,37,5,4,0.006106000393629074,0.0,24461.66015625
EleutherAI/pythia-70m,5,256,step256,70426624,6,8,37,5,5,0.002912683878093958,0.0,24461.66015625
EleutherAI/pythia-70m,5,256,step256,70426624,6,8,37,5,6,0.007997212000191212,0.0,24461.66015625
EleutherAI/pythia-70m,5,256,step256,70426624,6,8,37,5,7,0.003824749030172825,0.0,24461.66015625
EleutherAI/pythia-70m,5,256,step256,70426624,6,8,38,0,0,0.01367736142128706,0.0,25728.859375
EleutherAI/pythia-70m,5,256,step256,70426624,6,8,38,0,1,0.015041887760162354,0.0,25728.859375
EleutherAI/pythia-70m,5,256,step256,70426624,6,8,38,0,2,0.015270833857357502,0.0,25728.859375
EleutherAI/pythia-70m,5,256,step256,70426624,6,8,38,0,3,0.013606458902359009,0.0,25728.859375
EleutherAI/pythia-70m,5,256,step256,70426624,6,8,38,0,4,0.015037918463349342,0.0,25728.859375
EleutherAI/pythia-70m,5,256,step256,70426624,6,8,38,0,5,0.013411842286586761,0.0,25728.859375
EleutherAI/pythia-70m,5,256,step256,70426624,6,8,38,0,6,0.014067942276597023,0.0,25728.859375
EleutherAI/pythia-70m,5,256,step256,70426624,6,8,38,0,7,0.013963304460048676,0.0,25728.859375
EleutherAI/pythia-70m,5,256,step256,70426624,6,8,38,1,0,0.0087018683552742,0.0,25728.859375
EleutherAI/pythia-70m,5,256,step256,70426624,6,8,38,1,1,0.00999930128455162,0.0,25728.859375
EleutherAI/pythia-70m,5,256,step256,70426624,6,8,38,1,2,0.010814005509018898,0.0,25728.859375
EleutherAI/pythia-70m,5,256,step256,70426624,6,8,38,1,3,0.012797849252820015,0.0,25728.859375
EleutherAI/pythia-70m,5,256,step256,70426624,6,8,38,1,4,0.010670848190784454,0.0,25728.859375
EleutherAI/pythia-70m,5,256,step256,70426624,6,8,38,1,5,0.00950253289192915,0.0,25728.859375
EleutherAI/pythia-70m,5,256,step256,70426624,6,8,38,1,6,0.010147834196686745,0.0,25728.859375
EleutherAI/pythia-70m,5,256,step256,70426624,6,8,38,1,7,0.011132925748825073,0.0,25728.859375
EleutherAI/pythia-70m,5,256,step256,70426624,6,8,38,2,0,0.006650094408541918,0.0,25728.859375
EleutherAI/pythia-70m,5,256,step256,70426624,6,8,38,2,1,0.007355973590165377,0.0,25728.859375
EleutherAI/pythia-70m,5,256,step256,70426624,6,8,38,2,2,0.003501067403703928,0.0,25728.859375
EleutherAI/pythia-70m,5,256,step256,70426624,6,8,38,2,3,0.006834739353507757,0.0,25728.859375
EleutherAI/pythia-70m,5,256,step256,70426624,6,8,38,2,4,0.009914880618453026,0.0,25728.859375
EleutherAI/pythia-70m,5,256,step256,70426624,6,8,38,2,5,0.007890550419688225,0.0,25728.859375
EleutherAI/pythia-70m,5,256,step256,70426624,6,8,38,2,6,0.004562124609947205,0.0,25728.859375
EleutherAI/pythia-70m,5,256,step256,70426624,6,8,38,2,7,0.007192795164883137,0.0,25728.859375
EleutherAI/pythia-70m,5,256,step256,70426624,6,8,38,3,0,0.004130297806113958,0.0,25728.859375
EleutherAI/pythia-70m,5,256,step256,70426624,6,8,38,3,1,0.0035324885975569487,0.0,25728.859375
EleutherAI/pythia-70m,5,256,step256,70426624,6,8,38,3,2,0.0046671610325574875,0.0,25728.859375
EleutherAI/pythia-70m,5,256,step256,70426624,6,8,38,3,3,0.0026871345471590757,0.0,25728.859375
EleutherAI/pythia-70m,5,256,step256,70426624,6,8,38,3,4,0.007057943381369114,0.0,25728.859375
EleutherAI/pythia-70m,5,256,step256,70426624,6,8,38,3,5,0.0038206533063203096,0.0,25728.859375
EleutherAI/pythia-70m,5,256,step256,70426624,6,8,38,3,6,0.0031277507077902555,0.0,25728.859375
EleutherAI/pythia-70m,5,256,step256,70426624,6,8,38,3,7,0.011035957373678684,0.0,25728.859375
EleutherAI/pythia-70m,5,256,step256,70426624,6,8,38,4,0,0.002393934642896056,0.0,25728.859375
EleutherAI/pythia-70m,5,256,step256,70426624,6,8,38,4,1,0.004062747582793236,0.0,25728.859375
EleutherAI/pythia-70m,5,256,step256,70426624,6,8,38,4,2,0.010270971804857254,0.0,25728.859375
EleutherAI/pythia-70m,5,256,step256,70426624,6,8,38,4,3,0.01197134144604206,0.0,25728.859375
EleutherAI/pythia-70m,5,256,step256,70426624,6,8,38,4,4,0.01080448180437088,0.0,25728.859375
EleutherAI/pythia-70m,5,256,step256,70426624,6,8,38,4,5,0.007035538554191589,0.0,25728.859375
EleutherAI/pythia-70m,5,256,step256,70426624,6,8,38,4,6,0.004205330740660429,0.0,25728.859375
EleutherAI/pythia-70m,5,256,step256,70426624,6,8,38,4,7,0.0067186057567596436,0.0,25728.859375
EleutherAI/pythia-70m,5,256,step256,70426624,6,8,38,5,0,0.00983731634914875,0.0,25728.859375
EleutherAI/pythia-70m,5,256,step256,70426624,6,8,38,5,1,0.008626115508377552,0.0,25728.859375
EleutherAI/pythia-70m,5,256,step256,70426624,6,8,38,5,2,0.012459449470043182,0.0,25728.859375
EleutherAI/pythia-70m,5,256,step256,70426624,6,8,38,5,3,0.0034615336917340755,0.0,25728.859375
EleutherAI/pythia-70m,5,256,step256,70426624,6,8,38,5,4,0.00703532574698329,0.0,25728.859375
EleutherAI/pythia-70m,5,256,step256,70426624,6,8,38,5,5,0.004830664489418268,0.0,25728.859375
EleutherAI/pythia-70m,5,256,step256,70426624,6,8,38,5,6,0.007338049355894327,0.0,25728.859375
EleutherAI/pythia-70m,5,256,step256,70426624,6,8,38,5,7,0.005777935963124037,0.0,25728.859375
EleutherAI/pythia-70m,5,256,step256,70426624,6,8,39,0,0,0.013996853493154049,0.0,23310.359375
EleutherAI/pythia-70m,5,256,step256,70426624,6,8,39,0,1,0.012492934241890907,0.0,23310.359375
EleutherAI/pythia-70m,5,256,step256,70426624,6,8,39,0,2,0.013931941241025925,0.0,23310.359375
EleutherAI/pythia-70m,5,256,step256,70426624,6,8,39,0,3,0.013981414027512074,0.0,23310.359375
EleutherAI/pythia-70m,5,256,step256,70426624,6,8,39,0,4,0.01367479469627142,0.0,23310.359375
EleutherAI/pythia-70m,5,256,step256,70426624,6,8,39,0,5,0.014995618723332882,0.0,23310.359375
EleutherAI/pythia-70m,5,256,step256,70426624,6,8,39,0,6,0.013673733919858932,0.0,23310.359375
EleutherAI/pythia-70m,5,256,step256,70426624,6,8,39,0,7,0.014646658673882484,0.0,23310.359375
EleutherAI/pythia-70m,5,256,step256,70426624,6,8,39,1,0,0.008146599866449833,0.0,23310.359375
EleutherAI/pythia-70m,5,256,step256,70426624,6,8,39,1,1,0.008495965972542763,0.0,23310.359375
EleutherAI/pythia-70m,5,256,step256,70426624,6,8,39,1,2,0.012144343927502632,0.0,23310.359375
EleutherAI/pythia-70m,5,256,step256,70426624,6,8,39,1,3,0.01171858049929142,0.0,23310.359375
EleutherAI/pythia-70m,5,256,step256,70426624,6,8,39,1,4,0.010791347362101078,0.0,23310.359375
EleutherAI/pythia-70m,5,256,step256,70426624,6,8,39,1,5,0.0087763462215662,0.0,23310.359375
EleutherAI/pythia-70m,5,256,step256,70426624,6,8,39,1,6,0.00990965124219656,0.0,23310.359375
EleutherAI/pythia-70m,5,256,step256,70426624,6,8,39,1,7,0.01016741432249546,0.0,23310.359375
EleutherAI/pythia-70m,5,256,step256,70426624,6,8,39,2,0,0.005555411800742149,0.0,23310.359375
EleutherAI/pythia-70m,5,256,step256,70426624,6,8,39,2,1,0.006764348596334457,0.0,23310.359375
EleutherAI/pythia-70m,5,256,step256,70426624,6,8,39,2,2,0.002380720339715481,0.0,23310.359375
EleutherAI/pythia-70m,5,256,step256,70426624,6,8,39,2,3,0.005734401289373636,0.0,23310.359375
EleutherAI/pythia-70m,5,256,step256,70426624,6,8,39,2,4,0.008305861614644527,0.0,23310.359375
EleutherAI/pythia-70m,5,256,step256,70426624,6,8,39,2,5,0.004877365659922361,0.0,23310.359375
EleutherAI/pythia-70m,5,256,step256,70426624,6,8,39,2,6,0.006107280030846596,0.0,23310.359375
EleutherAI/pythia-70m,5,256,step256,70426624,6,8,39,2,7,0.008222633972764015,0.0,23310.359375
EleutherAI/pythia-70m,5,256,step256,70426624,6,8,39,3,0,0.0037583429366350174,0.0,23310.359375
EleutherAI/pythia-70m,5,256,step256,70426624,6,8,39,3,1,0.0039232694543898106,0.0,23310.359375
EleutherAI/pythia-70m,5,256,step256,70426624,6,8,39,3,2,0.00426110764965415,0.0,23310.359375
EleutherAI/pythia-70m,5,256,step256,70426624,6,8,39,3,3,0.0022001173347234726,0.0,23310.359375
EleutherAI/pythia-70m,5,256,step256,70426624,6,8,39,3,4,0.0065363263711333275,0.0,23310.359375
EleutherAI/pythia-70m,5,256,step256,70426624,6,8,39,3,5,0.003610375337302685,0.0,23310.359375
EleutherAI/pythia-70m,5,256,step256,70426624,6,8,39,3,6,0.002012122655287385,0.0,23310.359375
EleutherAI/pythia-70m,5,256,step256,70426624,6,8,39,3,7,0.009504687041044235,0.0,23310.359375
EleutherAI/pythia-70m,5,256,step256,70426624,6,8,39,4,0,0.002515828236937523,0.0,23310.359375
EleutherAI/pythia-70m,5,256,step256,70426624,6,8,39,4,1,0.005311294924467802,0.0,23310.359375
EleutherAI/pythia-70m,5,256,step256,70426624,6,8,39,4,2,0.009307903237640858,0.0,23310.359375
EleutherAI/pythia-70m,5,256,step256,70426624,6,8,39,4,3,0.014045460149645805,0.0,23310.359375
EleutherAI/pythia-70m,5,256,step256,70426624,6,8,39,4,4,0.012778544798493385,0.0,23310.359375
EleutherAI/pythia-70m,5,256,step256,70426624,6,8,39,4,5,0.006069006398320198,0.0,23310.359375
EleutherAI/pythia-70m,5,256,step256,70426624,6,8,39,4,6,0.0028652858454734087,0.0,23310.359375
EleutherAI/pythia-70m,5,256,step256,70426624,6,8,39,4,7,0.00719785038381815,0.0,23310.359375
EleutherAI/pythia-70m,5,256,step256,70426624,6,8,39,5,0,0.008594692684710026,0.0,23310.359375
EleutherAI/pythia-70m,5,256,step256,70426624,6,8,39,5,1,0.010939923115074635,0.0,23310.359375
EleutherAI/pythia-70m,5,256,step256,70426624,6,8,39,5,2,0.010516136884689331,0.0,23310.359375
EleutherAI/pythia-70m,5,256,step256,70426624,6,8,39,5,3,0.002579660154879093,0.0,23310.359375
EleutherAI/pythia-70m,5,256,step256,70426624,6,8,39,5,4,0.006526747718453407,0.0,23310.359375
EleutherAI/pythia-70m,5,256,step256,70426624,6,8,39,5,5,0.006815705448389053,0.0,23310.359375
EleutherAI/pythia-70m,5,256,step256,70426624,6,8,39,5,6,0.007239742204546928,0.0,23310.359375
EleutherAI/pythia-70m,5,256,step256,70426624,6,8,39,5,7,0.005061869043856859,0.0,23310.359375
EleutherAI/pythia-70m,5,256,step256,70426624,6,8,40,0,0,0.013734790496528149,0.0,23371.16015625
EleutherAI/pythia-70m,5,256,step256,70426624,6,8,40,0,1,0.014573432505130768,0.0,23371.16015625
EleutherAI/pythia-70m,5,256,step256,70426624,6,8,40,0,2,0.013735698536038399,0.0,23371.16015625
EleutherAI/pythia-70m,5,256,step256,70426624,6,8,40,0,3,0.013051691465079784,0.0,23371.16015625
EleutherAI/pythia-70m,5,256,step256,70426624,6,8,40,0,4,0.01500946655869484,0.0,23371.16015625
EleutherAI/pythia-70m,5,256,step256,70426624,6,8,40,0,5,0.011944275349378586,0.0,23371.16015625
EleutherAI/pythia-70m,5,256,step256,70426624,6,8,40,0,6,0.014472858980298042,0.0,23371.16015625
EleutherAI/pythia-70m,5,256,step256,70426624,6,8,40,0,7,0.016263321042060852,0.0,23371.16015625
EleutherAI/pythia-70m,5,256,step256,70426624,6,8,40,1,0,0.007666727527976036,0.0,23371.16015625
EleutherAI/pythia-70m,5,256,step256,70426624,6,8,40,1,1,0.007107952609658241,0.0,23371.16015625
EleutherAI/pythia-70m,5,256,step256,70426624,6,8,40,1,2,0.00945955514907837,0.0,23371.16015625
EleutherAI/pythia-70m,5,256,step256,70426624,6,8,40,1,3,0.011867262423038483,0.0,23371.16015625
EleutherAI/pythia-70m,5,256,step256,70426624,6,8,40,1,4,0.008439051918685436,0.0,23371.16015625
EleutherAI/pythia-70m,5,256,step256,70426624,6,8,40,1,5,0.008099179714918137,0.0,23371.16015625
EleutherAI/pythia-70m,5,256,step256,70426624,6,8,40,1,6,0.010041761212050915,0.0,23371.16015625
EleutherAI/pythia-70m,5,256,step256,70426624,6,8,40,1,7,0.010156839154660702,0.0,23371.16015625
EleutherAI/pythia-70m,5,256,step256,70426624,6,8,40,2,0,0.005628468003123999,0.0,23371.16015625
EleutherAI/pythia-70m,5,256,step256,70426624,6,8,40,2,1,0.006822891067713499,0.0,23371.16015625
EleutherAI/pythia-70m,5,256,step256,70426624,6,8,40,2,2,0.003922825213521719,0.0,23371.16015625
EleutherAI/pythia-70m,5,256,step256,70426624,6,8,40,2,3,0.007465004920959473,0.0,23371.16015625
EleutherAI/pythia-70m,5,256,step256,70426624,6,8,40,2,4,0.007366690784692764,0.0,23371.16015625
EleutherAI/pythia-70m,5,256,step256,70426624,6,8,40,2,5,0.004998345859348774,0.0,23371.16015625
EleutherAI/pythia-70m,5,256,step256,70426624,6,8,40,2,6,0.007314854767173529,0.0,23371.16015625
EleutherAI/pythia-70m,5,256,step256,70426624,6,8,40,2,7,0.0061937659047544,0.0,23371.16015625
EleutherAI/pythia-70m,5,256,step256,70426624,6,8,40,3,0,0.0032994963694363832,0.0,23371.16015625
EleutherAI/pythia-70m,5,256,step256,70426624,6,8,40,3,1,0.0040139793418347836,0.0,23371.16015625
EleutherAI/pythia-70m,5,256,step256,70426624,6,8,40,3,2,0.006144626531749964,0.0,23371.16015625
EleutherAI/pythia-70m,5,256,step256,70426624,6,8,40,3,3,0.001773316995240748,0.0,23371.16015625
EleutherAI/pythia-70m,5,256,step256,70426624,6,8,40,3,4,0.008938204497098923,0.0,23371.16015625
EleutherAI/pythia-70m,5,256,step256,70426624,6,8,40,3,5,0.004260796122252941,0.0,23371.16015625
EleutherAI/pythia-70m,5,256,step256,70426624,6,8,40,3,6,0.002906927838921547,0.0,23371.16015625
EleutherAI/pythia-70m,5,256,step256,70426624,6,8,40,3,7,0.011696887202560902,0.0,23371.16015625
EleutherAI/pythia-70m,5,256,step256,70426624,6,8,40,4,0,0.002652817638590932,0.0,23371.16015625
EleutherAI/pythia-70m,5,256,step256,70426624,6,8,40,4,1,0.004513513296842575,0.0,23371.16015625
EleutherAI/pythia-70m,5,256,step256,70426624,6,8,40,4,2,0.007758721709251404,0.0,23371.16015625
EleutherAI/pythia-70m,5,256,step256,70426624,6,8,40,4,3,0.015257738530635834,0.0,23371.16015625
EleutherAI/pythia-70m,5,256,step256,70426624,6,8,40,4,4,0.00789680052548647,0.0,23371.16015625
EleutherAI/pythia-70m,5,256,step256,70426624,6,8,40,4,5,0.003612911095842719,0.0,23371.16015625
EleutherAI/pythia-70m,5,256,step256,70426624,6,8,40,4,6,0.0046727159060537815,0.0,23371.16015625
EleutherAI/pythia-70m,5,256,step256,70426624,6,8,40,4,7,0.006644042208790779,0.0,23371.16015625
EleutherAI/pythia-70m,5,256,step256,70426624,6,8,40,5,0,0.006778424605727196,0.0,23371.16015625
EleutherAI/pythia-70m,5,256,step256,70426624,6,8,40,5,1,0.007068881765007973,0.0,23371.16015625
EleutherAI/pythia-70m,5,256,step256,70426624,6,8,40,5,2,0.011167957447469234,0.0,23371.16015625
EleutherAI/pythia-70m,5,256,step256,70426624,6,8,40,5,3,0.001512037357315421,0.0,23371.16015625
EleutherAI/pythia-70m,5,256,step256,70426624,6,8,40,5,4,0.008407148532569408,0.0,23371.16015625
EleutherAI/pythia-70m,5,256,step256,70426624,6,8,40,5,5,0.0037283056881278753,0.0,23371.16015625
EleutherAI/pythia-70m,5,256,step256,70426624,6,8,40,5,6,0.006534809246659279,0.0,23371.16015625
EleutherAI/pythia-70m,5,256,step256,70426624,6,8,40,5,7,0.004816399421542883,0.0,23371.16015625
EleutherAI/pythia-70m,5,256,step256,70426624,6,8,41,0,0,0.014381259679794312,0.0,22756.140625
EleutherAI/pythia-70m,5,256,step256,70426624,6,8,41,0,1,0.012362065725028515,0.0,22756.140625
EleutherAI/pythia-70m,5,256,step256,70426624,6,8,41,0,2,0.014136756770312786,0.0,22756.140625
EleutherAI/pythia-70m,5,256,step256,70426624,6,8,41,0,3,0.013301080092787743,0.0,22756.140625
EleutherAI/pythia-70m,5,256,step256,70426624,6,8,41,0,4,0.014852953143417835,0.0,22756.140625
EleutherAI/pythia-70m,5,256,step256,70426624,6,8,41,0,5,0.0135386623442173,0.0,22756.140625
EleutherAI/pythia-70m,5,256,step256,70426624,6,8,41,0,6,0.013127266429364681,0.0,22756.140625
EleutherAI/pythia-70m,5,256,step256,70426624,6,8,41,0,7,0.012782548554241657,0.0,22756.140625
EleutherAI/pythia-70m,5,256,step256,70426624,6,8,41,1,0,0.008266139775514603,0.0,22756.140625
EleutherAI/pythia-70m,5,256,step256,70426624,6,8,41,1,1,0.00807284191250801,0.0,22756.140625
EleutherAI/pythia-70m,5,256,step256,70426624,6,8,41,1,2,0.010036231018602848,0.0,22756.140625
EleutherAI/pythia-70m,5,256,step256,70426624,6,8,41,1,3,0.0110011650249362,0.0,22756.140625
EleutherAI/pythia-70m,5,256,step256,70426624,6,8,41,1,4,0.011324861086905003,0.0,22756.140625
EleutherAI/pythia-70m,5,256,step256,70426624,6,8,41,1,5,0.008648527786135674,0.0,22756.140625
EleutherAI/pythia-70m,5,256,step256,70426624,6,8,41,1,6,0.010453272610902786,0.0,22756.140625
EleutherAI/pythia-70m,5,256,step256,70426624,6,8,41,1,7,0.011018643155694008,0.0,22756.140625
EleutherAI/pythia-70m,5,256,step256,70426624,6,8,41,2,0,0.0061280811205506325,0.0,22756.140625
EleutherAI/pythia-70m,5,256,step256,70426624,6,8,41,2,1,0.0073060584254562855,0.0,22756.140625
EleutherAI/pythia-70m,5,256,step256,70426624,6,8,41,2,2,0.003191589144989848,0.0,22756.140625
EleutherAI/pythia-70m,5,256,step256,70426624,6,8,41,2,3,0.00803825818002224,0.0,22756.140625
EleutherAI/pythia-70m,5,256,step256,70426624,6,8,41,2,4,0.010951066389679909,0.0,22756.140625
EleutherAI/pythia-70m,5,256,step256,70426624,6,8,41,2,5,0.0038967300206422806,0.0,22756.140625
EleutherAI/pythia-70m,5,256,step256,70426624,6,8,41,2,6,0.005815577693283558,0.0,22756.140625
EleutherAI/pythia-70m,5,256,step256,70426624,6,8,41,2,7,0.006252738181501627,0.0,22756.140625
EleutherAI/pythia-70m,5,256,step256,70426624,6,8,41,3,0,0.0038882624357938766,0.0,22756.140625
EleutherAI/pythia-70m,5,256,step256,70426624,6,8,41,3,1,0.003138548694550991,0.0,22756.140625
EleutherAI/pythia-70m,5,256,step256,70426624,6,8,41,3,2,0.0034171445295214653,0.0,22756.140625
EleutherAI/pythia-70m,5,256,step256,70426624,6,8,41,3,3,0.0018793419003486633,0.0,22756.140625
EleutherAI/pythia-70m,5,256,step256,70426624,6,8,41,3,4,0.008529270999133587,0.0,22756.140625
EleutherAI/pythia-70m,5,256,step256,70426624,6,8,41,3,5,0.003626848105341196,0.0,22756.140625
EleutherAI/pythia-70m,5,256,step256,70426624,6,8,41,3,6,0.0030858293175697327,0.0,22756.140625
EleutherAI/pythia-70m,5,256,step256,70426624,6,8,41,3,7,0.008824312128126621,0.0,22756.140625
EleutherAI/pythia-70m,5,256,step256,70426624,6,8,41,4,0,0.0028317116666585207,0.0,22756.140625
EleutherAI/pythia-70m,5,256,step256,70426624,6,8,41,4,1,0.006191817577928305,0.0,22756.140625
EleutherAI/pythia-70m,5,256,step256,70426624,6,8,41,4,2,0.007533459458500147,0.0,22756.140625
EleutherAI/pythia-70m,5,256,step256,70426624,6,8,41,4,3,0.013271122239530087,0.0,22756.140625
EleutherAI/pythia-70m,5,256,step256,70426624,6,8,41,4,4,0.011750374920666218,0.0,22756.140625
EleutherAI/pythia-70m,5,256,step256,70426624,6,8,41,4,5,0.006337551865726709,0.0,22756.140625
EleutherAI/pythia-70m,5,256,step256,70426624,6,8,41,4,6,0.0034413463436067104,0.0,22756.140625
EleutherAI/pythia-70m,5,256,step256,70426624,6,8,41,4,7,0.005623433738946915,0.0,22756.140625
EleutherAI/pythia-70m,5,256,step256,70426624,6,8,41,5,0,0.0073736184276640415,0.0,22756.140625
EleutherAI/pythia-70m,5,256,step256,70426624,6,8,41,5,1,0.007097425404936075,0.0,22756.140625
EleutherAI/pythia-70m,5,256,step256,70426624,6,8,41,5,2,0.01189529336988926,0.0,22756.140625
EleutherAI/pythia-70m,5,256,step256,70426624,6,8,41,5,3,0.0015647538239136338,0.0,22756.140625
EleutherAI/pythia-70m,5,256,step256,70426624,6,8,41,5,4,0.007219690829515457,0.0,22756.140625
EleutherAI/pythia-70m,5,256,step256,70426624,6,8,41,5,5,0.003784318221732974,0.0,22756.140625
EleutherAI/pythia-70m,5,256,step256,70426624,6,8,41,5,6,0.003989475313574076,0.0,22756.140625
EleutherAI/pythia-70m,5,256,step256,70426624,6,8,41,5,7,0.004275207407772541,0.0,22756.140625
EleutherAI/pythia-70m,5,256,step256,70426624,6,8,42,0,0,0.014607937075197697,0.0,21190.859375
EleutherAI/pythia-70m,5,256,step256,70426624,6,8,42,0,1,0.015206584706902504,0.0,21190.859375
EleutherAI/pythia-70m,5,256,step256,70426624,6,8,42,0,2,0.01470225490629673,0.0,21190.859375
EleutherAI/pythia-70m,5,256,step256,70426624,6,8,42,0,3,0.015520118176937103,0.0,21190.859375
EleutherAI/pythia-70m,5,256,step256,70426624,6,8,42,0,4,0.015484200790524483,0.0,21190.859375
EleutherAI/pythia-70m,5,256,step256,70426624,6,8,42,0,5,0.014074275270104408,0.0,21190.859375
EleutherAI/pythia-70m,5,256,step256,70426624,6,8,42,0,6,0.013627639040350914,0.0,21190.859375
EleutherAI/pythia-70m,5,256,step256,70426624,6,8,42,0,7,0.0150683568790555,0.0,21190.859375
EleutherAI/pythia-70m,5,256,step256,70426624,6,8,42,1,0,0.008457870222628117,0.0,21190.859375
EleutherAI/pythia-70m,5,256,step256,70426624,6,8,42,1,1,0.009059049189090729,0.0,21190.859375
EleutherAI/pythia-70m,5,256,step256,70426624,6,8,42,1,2,0.01089820358902216,0.0,21190.859375
EleutherAI/pythia-70m,5,256,step256,70426624,6,8,42,1,3,0.01229207031428814,0.0,21190.859375
EleutherAI/pythia-70m,5,256,step256,70426624,6,8,42,1,4,0.010781972669064999,0.0,21190.859375
EleutherAI/pythia-70m,5,256,step256,70426624,6,8,42,1,5,0.006997724995017052,0.0,21190.859375
EleutherAI/pythia-70m,5,256,step256,70426624,6,8,42,1,6,0.008724033832550049,0.0,21190.859375
EleutherAI/pythia-70m,5,256,step256,70426624,6,8,42,1,7,0.00963270291686058,0.0,21190.859375
EleutherAI/pythia-70m,5,256,step256,70426624,6,8,42,2,0,0.0059431190602481365,0.0,21190.859375
EleutherAI/pythia-70m,5,256,step256,70426624,6,8,42,2,1,0.00901737716048956,0.0,21190.859375
EleutherAI/pythia-70m,5,256,step256,70426624,6,8,42,2,2,0.0022397274151444435,0.0,21190.859375
EleutherAI/pythia-70m,5,256,step256,70426624,6,8,42,2,3,0.006825663615018129,0.0,21190.859375
EleutherAI/pythia-70m,5,256,step256,70426624,6,8,42,2,4,0.014458521269261837,0.0,21190.859375
EleutherAI/pythia-70m,5,256,step256,70426624,6,8,42,2,5,0.0032785169314593077,0.0,21190.859375
EleutherAI/pythia-70m,5,256,step256,70426624,6,8,42,2,6,0.005178630817681551,0.0,21190.859375
EleutherAI/pythia-70m,5,256,step256,70426624,6,8,42,2,7,0.0064552235417068005,0.0,21190.859375
EleutherAI/pythia-70m,5,256,step256,70426624,6,8,42,3,0,0.0034043616615235806,0.0,21190.859375
EleutherAI/pythia-70m,5,256,step256,70426624,6,8,42,3,1,0.0032733771950006485,0.0,21190.859375
EleutherAI/pythia-70m,5,256,step256,70426624,6,8,42,3,2,0.004576090723276138,0.0,21190.859375
EleutherAI/pythia-70m,5,256,step256,70426624,6,8,42,3,3,0.002382262609899044,0.0,21190.859375
EleutherAI/pythia-70m,5,256,step256,70426624,6,8,42,3,4,0.004975320305675268,0.0,21190.859375
EleutherAI/pythia-70m,5,256,step256,70426624,6,8,42,3,5,0.0034890484530478716,0.0,21190.859375
EleutherAI/pythia-70m,5,256,step256,70426624,6,8,42,3,6,0.00243417639285326,0.0,21190.859375
EleutherAI/pythia-70m,5,256,step256,70426624,6,8,42,3,7,0.007877672091126442,0.0,21190.859375
EleutherAI/pythia-70m,5,256,step256,70426624,6,8,42,4,0,0.0020952322520315647,0.0,21190.859375
EleutherAI/pythia-70m,5,256,step256,70426624,6,8,42,4,1,0.004692403599619865,0.0,21190.859375
EleutherAI/pythia-70m,5,256,step256,70426624,6,8,42,4,2,0.007481713779270649,0.0,21190.859375
EleutherAI/pythia-70m,5,256,step256,70426624,6,8,42,4,3,0.015500775538384914,0.0,21190.859375
EleutherAI/pythia-70m,5,256,step256,70426624,6,8,42,4,4,0.01172619592398405,0.0,21190.859375
EleutherAI/pythia-70m,5,256,step256,70426624,6,8,42,4,5,0.003707514377310872,0.0,21190.859375
EleutherAI/pythia-70m,5,256,step256,70426624,6,8,42,4,6,0.0041456520557403564,0.0,21190.859375
EleutherAI/pythia-70m,5,256,step256,70426624,6,8,42,4,7,0.006508571561425924,0.0,21190.859375
EleutherAI/pythia-70m,5,256,step256,70426624,6,8,42,5,0,0.007393551059067249,0.0,21190.859375
EleutherAI/pythia-70m,5,256,step256,70426624,6,8,42,5,1,0.0070389942266047,0.0,21190.859375
EleutherAI/pythia-70m,5,256,step256,70426624,6,8,42,5,2,0.010772144421935081,0.0,21190.859375
EleutherAI/pythia-70m,5,256,step256,70426624,6,8,42,5,3,0.00274502020329237,0.0,21190.859375
EleutherAI/pythia-70m,5,256,step256,70426624,6,8,42,5,4,0.008243531920015812,0.0,21190.859375
EleutherAI/pythia-70m,5,256,step256,70426624,6,8,42,5,5,0.005891487468034029,0.0,21190.859375
EleutherAI/pythia-70m,5,256,step256,70426624,6,8,42,5,6,0.007739329244941473,0.0,21190.859375
EleutherAI/pythia-70m,5,256,step256,70426624,6,8,42,5,7,0.0046140835620462894,0.0,21190.859375
EleutherAI/pythia-70m,5,256,step256,70426624,6,8,43,0,0,0.012478036805987358,0.0,22161.419921875
EleutherAI/pythia-70m,5,256,step256,70426624,6,8,43,0,1,0.013373247347772121,0.0,22161.419921875
EleutherAI/pythia-70m,5,256,step256,70426624,6,8,43,0,2,0.013703198172152042,0.0,22161.419921875
EleutherAI/pythia-70m,5,256,step256,70426624,6,8,43,0,3,0.013662577606737614,0.0,22161.419921875
EleutherAI/pythia-70m,5,256,step256,70426624,6,8,43,0,4,0.01287464052438736,0.0,22161.419921875
EleutherAI/pythia-70m,5,256,step256,70426624,6,8,43,0,5,0.012900030240416527,0.0,22161.419921875
EleutherAI/pythia-70m,5,256,step256,70426624,6,8,43,0,6,0.014827782288193703,0.0,22161.419921875
EleutherAI/pythia-70m,5,256,step256,70426624,6,8,43,0,7,0.013546564616262913,0.0,22161.419921875
EleutherAI/pythia-70m,5,256,step256,70426624,6,8,43,1,0,0.006826638709753752,0.0,22161.419921875
EleutherAI/pythia-70m,5,256,step256,70426624,6,8,43,1,1,0.010097411461174488,0.0,22161.419921875
EleutherAI/pythia-70m,5,256,step256,70426624,6,8,43,1,2,0.010310751385986805,0.0,22161.419921875
EleutherAI/pythia-70m,5,256,step256,70426624,6,8,43,1,3,0.012194947339594364,0.0,22161.419921875
EleutherAI/pythia-70m,5,256,step256,70426624,6,8,43,1,4,0.009227872826159,0.0,22161.419921875
EleutherAI/pythia-70m,5,256,step256,70426624,6,8,43,1,5,0.008637785911560059,0.0,22161.419921875
EleutherAI/pythia-70m,5,256,step256,70426624,6,8,43,1,6,0.009687243960797787,0.0,22161.419921875
EleutherAI/pythia-70m,5,256,step256,70426624,6,8,43,1,7,0.012748031876981258,0.0,22161.419921875
EleutherAI/pythia-70m,5,256,step256,70426624,6,8,43,2,0,0.005502187646925449,0.0,22161.419921875
EleutherAI/pythia-70m,5,256,step256,70426624,6,8,43,2,1,0.005754513666033745,0.0,22161.419921875
EleutherAI/pythia-70m,5,256,step256,70426624,6,8,43,2,2,0.0025107264518737793,0.0,22161.419921875
EleutherAI/pythia-70m,5,256,step256,70426624,6,8,43,2,3,0.011444825679063797,0.0,22161.419921875
EleutherAI/pythia-70m,5,256,step256,70426624,6,8,43,2,4,0.008619885891675949,0.0,22161.419921875
EleutherAI/pythia-70m,5,256,step256,70426624,6,8,43,2,5,0.00468187453225255,0.0,22161.419921875
EleutherAI/pythia-70m,5,256,step256,70426624,6,8,43,2,6,0.005996056832373142,0.0,22161.419921875
EleutherAI/pythia-70m,5,256,step256,70426624,6,8,43,2,7,0.00814378634095192,0.0,22161.419921875
EleutherAI/pythia-70m,5,256,step256,70426624,6,8,43,3,0,0.005531190428882837,0.0,22161.419921875
EleutherAI/pythia-70m,5,256,step256,70426624,6,8,43,3,1,0.004381842911243439,0.0,22161.419921875
EleutherAI/pythia-70m,5,256,step256,70426624,6,8,43,3,2,0.0035570142790675163,0.0,22161.419921875
EleutherAI/pythia-70m,5,256,step256,70426624,6,8,43,3,3,0.0013434308348223567,0.0,22161.419921875
EleutherAI/pythia-70m,5,256,step256,70426624,6,8,43,3,4,0.013848545961081982,0.0,22161.419921875
EleutherAI/pythia-70m,5,256,step256,70426624,6,8,43,3,5,0.003226387780159712,0.0,22161.419921875
EleutherAI/pythia-70m,5,256,step256,70426624,6,8,43,3,6,0.003136986866593361,0.0,22161.419921875
EleutherAI/pythia-70m,5,256,step256,70426624,6,8,43,3,7,0.01374157052487135,0.0,22161.419921875
EleutherAI/pythia-70m,5,256,step256,70426624,6,8,43,4,0,0.003930985927581787,0.0,22161.419921875
EleutherAI/pythia-70m,5,256,step256,70426624,6,8,43,4,1,0.005673936102539301,0.0,22161.419921875
EleutherAI/pythia-70m,5,256,step256,70426624,6,8,43,4,2,0.0066109271720051765,0.0,22161.419921875
EleutherAI/pythia-70m,5,256,step256,70426624,6,8,43,4,3,0.01389784924685955,0.0,22161.419921875
EleutherAI/pythia-70m,5,256,step256,70426624,6,8,43,4,4,0.01014859788119793,0.0,22161.419921875
EleutherAI/pythia-70m,5,256,step256,70426624,6,8,43,4,5,0.008459698408842087,0.0,22161.419921875
EleutherAI/pythia-70m,5,256,step256,70426624,6,8,43,4,6,0.0036725900135934353,0.0,22161.419921875
EleutherAI/pythia-70m,5,256,step256,70426624,6,8,43,4,7,0.005488632246851921,0.0,22161.419921875
EleutherAI/pythia-70m,5,256,step256,70426624,6,8,43,5,0,0.008984049782156944,0.0,22161.419921875
EleutherAI/pythia-70m,5,256,step256,70426624,6,8,43,5,1,0.006960714235901833,0.0,22161.419921875
EleutherAI/pythia-70m,5,256,step256,70426624,6,8,43,5,2,0.009958441369235516,0.0,22161.419921875
EleutherAI/pythia-70m,5,256,step256,70426624,6,8,43,5,3,0.0015435185050591826,0.0,22161.419921875
EleutherAI/pythia-70m,5,256,step256,70426624,6,8,43,5,4,0.008205343037843704,0.0,22161.419921875
EleutherAI/pythia-70m,5,256,step256,70426624,6,8,43,5,5,0.0062803840264678,0.0,22161.419921875
EleutherAI/pythia-70m,5,256,step256,70426624,6,8,43,5,6,0.006266327109187841,0.0,22161.419921875
EleutherAI/pythia-70m,5,256,step256,70426624,6,8,43,5,7,0.002751172985881567,0.0,22161.419921875
EleutherAI/pythia-70m,5,256,step256,70426624,6,8,44,0,0,0.014435716904699802,0.0,26891.939453125
EleutherAI/pythia-70m,5,256,step256,70426624,6,8,44,0,1,0.013111009262502193,0.0,26891.939453125
EleutherAI/pythia-70m,5,256,step256,70426624,6,8,44,0,2,0.015134151093661785,0.0,26891.939453125
EleutherAI/pythia-70m,5,256,step256,70426624,6,8,44,0,3,0.013565199449658394,0.0,26891.939453125
EleutherAI/pythia-70m,5,256,step256,70426624,6,8,44,0,4,0.013151991181075573,0.0,26891.939453125
EleutherAI/pythia-70m,5,256,step256,70426624,6,8,44,0,5,0.01328038889914751,0.0,26891.939453125
EleutherAI/pythia-70m,5,256,step256,70426624,6,8,44,0,6,0.013133428059518337,0.0,26891.939453125
EleutherAI/pythia-70m,5,256,step256,70426624,6,8,44,0,7,0.012827465310692787,0.0,26891.939453125
EleutherAI/pythia-70m,5,256,step256,70426624,6,8,44,1,0,0.009254333563148975,0.0,26891.939453125
EleutherAI/pythia-70m,5,256,step256,70426624,6,8,44,1,1,0.00963733159005642,0.0,26891.939453125
EleutherAI/pythia-70m,5,256,step256,70426624,6,8,44,1,2,0.011682933196425438,0.0,26891.939453125
EleutherAI/pythia-70m,5,256,step256,70426624,6,8,44,1,3,0.013327505439519882,0.0,26891.939453125
EleutherAI/pythia-70m,5,256,step256,70426624,6,8,44,1,4,0.01238236203789711,0.0,26891.939453125
EleutherAI/pythia-70m,5,256,step256,70426624,6,8,44,1,5,0.007475423626601696,0.0,26891.939453125
EleutherAI/pythia-70m,5,256,step256,70426624,6,8,44,1,6,0.009075754322111607,0.0,26891.939453125
EleutherAI/pythia-70m,5,256,step256,70426624,6,8,44,1,7,0.009814408607780933,0.0,26891.939453125
EleutherAI/pythia-70m,5,256,step256,70426624,6,8,44,2,0,0.006230952218174934,0.0,26891.939453125
EleutherAI/pythia-70m,5,256,step256,70426624,6,8,44,2,1,0.007203424349427223,0.0,26891.939453125
EleutherAI/pythia-70m,5,256,step256,70426624,6,8,44,2,2,0.0030056315008550882,0.0,26891.939453125
EleutherAI/pythia-70m,5,256,step256,70426624,6,8,44,2,3,0.010130651295185089,0.0,26891.939453125
EleutherAI/pythia-70m,5,256,step256,70426624,6,8,44,2,4,0.01104079931974411,0.0,26891.939453125
EleutherAI/pythia-70m,5,256,step256,70426624,6,8,44,2,5,0.005096546374261379,0.0,26891.939453125
EleutherAI/pythia-70m,5,256,step256,70426624,6,8,44,2,6,0.004855397157371044,0.0,26891.939453125
EleutherAI/pythia-70m,5,256,step256,70426624,6,8,44,2,7,0.007464124355465174,0.0,26891.939453125
EleutherAI/pythia-70m,5,256,step256,70426624,6,8,44,3,0,0.003166993148624897,0.0,26891.939453125
EleutherAI/pythia-70m,5,256,step256,70426624,6,8,44,3,1,0.0027640354819595814,0.0,26891.939453125
EleutherAI/pythia-70m,5,256,step256,70426624,6,8,44,3,2,0.004046708811074495,0.0,26891.939453125
EleutherAI/pythia-70m,5,256,step256,70426624,6,8,44,3,3,0.003422289155423641,0.0,26891.939453125
EleutherAI/pythia-70m,5,256,step256,70426624,6,8,44,3,4,0.009666787460446358,0.0,26891.939453125
EleutherAI/pythia-70m,5,256,step256,70426624,6,8,44,3,5,0.0036028653848916292,0.0,26891.939453125
EleutherAI/pythia-70m,5,256,step256,70426624,6,8,44,3,6,0.0023454332258552313,0.0,26891.939453125
EleutherAI/pythia-70m,5,256,step256,70426624,6,8,44,3,7,0.01168320793658495,0.0,26891.939453125
EleutherAI/pythia-70m,5,256,step256,70426624,6,8,44,4,0,0.004330121912062168,0.0,26891.939453125
EleutherAI/pythia-70m,5,256,step256,70426624,6,8,44,4,1,0.005130993667989969,0.0,26891.939453125
EleutherAI/pythia-70m,5,256,step256,70426624,6,8,44,4,2,0.006766844540834427,0.0,26891.939453125
EleutherAI/pythia-70m,5,256,step256,70426624,6,8,44,4,3,0.011610033921897411,0.0,26891.939453125
EleutherAI/pythia-70m,5,256,step256,70426624,6,8,44,4,4,0.01168246753513813,0.0,26891.939453125
EleutherAI/pythia-70m,5,256,step256,70426624,6,8,44,4,5,0.006538578774780035,0.0,26891.939453125
EleutherAI/pythia-70m,5,256,step256,70426624,6,8,44,4,6,0.004376329015940428,0.0,26891.939453125
EleutherAI/pythia-70m,5,256,step256,70426624,6,8,44,4,7,0.0062750703655183315,0.0,26891.939453125
EleutherAI/pythia-70m,5,256,step256,70426624,6,8,44,5,0,0.010188128799200058,0.0,26891.939453125
EleutherAI/pythia-70m,5,256,step256,70426624,6,8,44,5,1,0.009064236655831337,0.0,26891.939453125
EleutherAI/pythia-70m,5,256,step256,70426624,6,8,44,5,2,0.01460995152592659,0.0,26891.939453125
EleutherAI/pythia-70m,5,256,step256,70426624,6,8,44,5,3,0.00225633941590786,0.0,26891.939453125
EleutherAI/pythia-70m,5,256,step256,70426624,6,8,44,5,4,0.011709554120898247,0.0,26891.939453125
EleutherAI/pythia-70m,5,256,step256,70426624,6,8,44,5,5,0.0059808180667459965,0.0,26891.939453125
EleutherAI/pythia-70m,5,256,step256,70426624,6,8,44,5,6,0.008469469845294952,0.0,26891.939453125
EleutherAI/pythia-70m,5,256,step256,70426624,6,8,44,5,7,0.005358953960239887,0.0,26891.939453125
EleutherAI/pythia-70m,5,256,step256,70426624,6,8,45,0,0,0.013028298504650593,0.0,26736.580078125
EleutherAI/pythia-70m,5,256,step256,70426624,6,8,45,0,1,0.01420239731669426,0.0,26736.580078125
EleutherAI/pythia-70m,5,256,step256,70426624,6,8,45,0,2,0.014457699842751026,0.0,26736.580078125
EleutherAI/pythia-70m,5,256,step256,70426624,6,8,45,0,3,0.013962808065116405,0.0,26736.580078125
EleutherAI/pythia-70m,5,256,step256,70426624,6,8,45,0,4,0.014303403906524181,0.0,26736.580078125
EleutherAI/pythia-70m,5,256,step256,70426624,6,8,45,0,5,0.012670096941292286,0.0,26736.580078125
EleutherAI/pythia-70m,5,256,step256,70426624,6,8,45,0,6,0.01412082090973854,0.0,26736.580078125
EleutherAI/pythia-70m,5,256,step256,70426624,6,8,45,0,7,0.01276911236345768,0.0,26736.580078125
EleutherAI/pythia-70m,5,256,step256,70426624,6,8,45,1,0,0.007822733372449875,0.0,26736.580078125
EleutherAI/pythia-70m,5,256,step256,70426624,6,8,45,1,1,0.009242905303835869,0.0,26736.580078125
EleutherAI/pythia-70m,5,256,step256,70426624,6,8,45,1,2,0.010431311093270779,0.0,26736.580078125
EleutherAI/pythia-70m,5,256,step256,70426624,6,8,45,1,3,0.011311112903058529,0.0,26736.580078125
EleutherAI/pythia-70m,5,256,step256,70426624,6,8,45,1,4,0.00825190544128418,0.0,26736.580078125
EleutherAI/pythia-70m,5,256,step256,70426624,6,8,45,1,5,0.007879875600337982,0.0,26736.580078125
EleutherAI/pythia-70m,5,256,step256,70426624,6,8,45,1,6,0.009568775072693825,0.0,26736.580078125
EleutherAI/pythia-70m,5,256,step256,70426624,6,8,45,1,7,0.010582179762423038,0.0,26736.580078125
EleutherAI/pythia-70m,5,256,step256,70426624,6,8,45,2,0,0.005874843802303076,0.0,26736.580078125
EleutherAI/pythia-70m,5,256,step256,70426624,6,8,45,2,1,0.006818840280175209,0.0,26736.580078125
EleutherAI/pythia-70m,5,256,step256,70426624,6,8,45,2,2,0.003928856924176216,0.0,26736.580078125
EleutherAI/pythia-70m,5,256,step256,70426624,6,8,45,2,3,0.007021090481430292,0.0,26736.580078125
EleutherAI/pythia-70m,5,256,step256,70426624,6,8,45,2,4,0.012998742051422596,0.0,26736.580078125
EleutherAI/pythia-70m,5,256,step256,70426624,6,8,45,2,5,0.006724870298057795,0.0,26736.580078125
EleutherAI/pythia-70m,5,256,step256,70426624,6,8,45,2,6,0.003645936492830515,0.0,26736.580078125
EleutherAI/pythia-70m,5,256,step256,70426624,6,8,45,2,7,0.00699774082750082,0.0,26736.580078125
EleutherAI/pythia-70m,5,256,step256,70426624,6,8,45,3,0,0.0030114694964140654,0.0,26736.580078125
EleutherAI/pythia-70m,5,256,step256,70426624,6,8,45,3,1,0.0036791295278817415,0.0,26736.580078125
EleutherAI/pythia-70m,5,256,step256,70426624,6,8,45,3,2,0.006292304024100304,0.0,26736.580078125
EleutherAI/pythia-70m,5,256,step256,70426624,6,8,45,3,3,0.0016547271516174078,0.0,26736.580078125
EleutherAI/pythia-70m,5,256,step256,70426624,6,8,45,3,4,0.006702435668557882,0.0,26736.580078125
EleutherAI/pythia-70m,5,256,step256,70426624,6,8,45,3,5,0.002122879261150956,0.0,26736.580078125
EleutherAI/pythia-70m,5,256,step256,70426624,6,8,45,3,6,0.0017778195906430483,0.0,26736.580078125
EleutherAI/pythia-70m,5,256,step256,70426624,6,8,45,3,7,0.010627729818224907,0.0,26736.580078125
EleutherAI/pythia-70m,5,256,step256,70426624,6,8,45,4,0,0.0029285408090800047,0.0,26736.580078125
EleutherAI/pythia-70m,5,256,step256,70426624,6,8,45,4,1,0.00882046576589346,0.0,26736.580078125
EleutherAI/pythia-70m,5,256,step256,70426624,6,8,45,4,2,0.008793235756456852,0.0,26736.580078125
EleutherAI/pythia-70m,5,256,step256,70426624,6,8,45,4,3,0.01556355506181717,0.0,26736.580078125
EleutherAI/pythia-70m,5,256,step256,70426624,6,8,45,4,4,0.011670275591313839,0.0,26736.580078125
EleutherAI/pythia-70m,5,256,step256,70426624,6,8,45,4,5,0.0051786042749881744,0.0,26736.580078125
EleutherAI/pythia-70m,5,256,step256,70426624,6,8,45,4,6,0.004314014222472906,0.0,26736.580078125
EleutherAI/pythia-70m,5,256,step256,70426624,6,8,45,4,7,0.006082581356167793,0.0,26736.580078125
EleutherAI/pythia-70m,5,256,step256,70426624,6,8,45,5,0,0.007802705746144056,0.0,26736.580078125
EleutherAI/pythia-70m,5,256,step256,70426624,6,8,45,5,1,0.0056511759757995605,0.0,26736.580078125
EleutherAI/pythia-70m,5,256,step256,70426624,6,8,45,5,2,0.008084730245172977,0.0,26736.580078125
EleutherAI/pythia-70m,5,256,step256,70426624,6,8,45,5,3,0.0018743829568848014,0.0,26736.580078125
EleutherAI/pythia-70m,5,256,step256,70426624,6,8,45,5,4,0.005369542632251978,0.0,26736.580078125
EleutherAI/pythia-70m,5,256,step256,70426624,6,8,45,5,5,0.004212907049804926,0.0,26736.580078125
EleutherAI/pythia-70m,5,256,step256,70426624,6,8,45,5,6,0.0056103188544511795,0.0,26736.580078125
EleutherAI/pythia-70m,5,256,step256,70426624,6,8,45,5,7,0.006286673713475466,0.0,26736.580078125
EleutherAI/pythia-70m,5,256,step256,70426624,6,8,46,0,0,0.013213838450610638,0.0,22231.6796875
EleutherAI/pythia-70m,5,256,step256,70426624,6,8,46,0,1,0.01398622989654541,0.0,22231.6796875
EleutherAI/pythia-70m,5,256,step256,70426624,6,8,46,0,2,0.012954695150256157,0.0,22231.6796875
EleutherAI/pythia-70m,5,256,step256,70426624,6,8,46,0,3,0.013896920718252659,0.0,22231.6796875
EleutherAI/pythia-70m,5,256,step256,70426624,6,8,46,0,4,0.013650374487042427,0.0,22231.6796875
EleutherAI/pythia-70m,5,256,step256,70426624,6,8,46,0,5,0.0137108089402318,0.0,22231.6796875
EleutherAI/pythia-70m,5,256,step256,70426624,6,8,46,0,6,0.013696635141968727,0.0,22231.6796875
EleutherAI/pythia-70m,5,256,step256,70426624,6,8,46,0,7,0.01367348711937666,0.0,22231.6796875
EleutherAI/pythia-70m,5,256,step256,70426624,6,8,46,1,0,0.006769933737814426,0.0,22231.6796875
EleutherAI/pythia-70m,5,256,step256,70426624,6,8,46,1,1,0.009915938600897789,0.0,22231.6796875
EleutherAI/pythia-70m,5,256,step256,70426624,6,8,46,1,2,0.009736750274896622,0.0,22231.6796875
EleutherAI/pythia-70m,5,256,step256,70426624,6,8,46,1,3,0.013019292615354061,0.0,22231.6796875
EleutherAI/pythia-70m,5,256,step256,70426624,6,8,46,1,4,0.010127445682883263,0.0,22231.6796875
EleutherAI/pythia-70m,5,256,step256,70426624,6,8,46,1,5,0.010752733796834946,0.0,22231.6796875
EleutherAI/pythia-70m,5,256,step256,70426624,6,8,46,1,6,0.010886075906455517,0.0,22231.6796875
EleutherAI/pythia-70m,5,256,step256,70426624,6,8,46,1,7,0.012501752004027367,0.0,22231.6796875
EleutherAI/pythia-70m,5,256,step256,70426624,6,8,46,2,0,0.007359502371400595,0.0,22231.6796875
EleutherAI/pythia-70m,5,256,step256,70426624,6,8,46,2,1,0.007006681989878416,0.0,22231.6796875
EleutherAI/pythia-70m,5,256,step256,70426624,6,8,46,2,2,0.004323938861489296,0.0,22231.6796875
EleutherAI/pythia-70m,5,256,step256,70426624,6,8,46,2,3,0.007867083884775639,0.0,22231.6796875
EleutherAI/pythia-70m,5,256,step256,70426624,6,8,46,2,4,0.013553372584283352,0.0,22231.6796875
EleutherAI/pythia-70m,5,256,step256,70426624,6,8,46,2,5,0.009548982605338097,0.0,22231.6796875
EleutherAI/pythia-70m,5,256,step256,70426624,6,8,46,2,6,0.005182961001992226,0.0,22231.6796875
EleutherAI/pythia-70m,5,256,step256,70426624,6,8,46,2,7,0.007253417745232582,0.0,22231.6796875
EleutherAI/pythia-70m,5,256,step256,70426624,6,8,46,3,0,0.0029524785932153463,0.0,22231.6796875
EleutherAI/pythia-70m,5,256,step256,70426624,6,8,46,3,1,0.0037562474608421326,0.0,22231.6796875
EleutherAI/pythia-70m,5,256,step256,70426624,6,8,46,3,2,0.006706224754452705,0.0,22231.6796875
EleutherAI/pythia-70m,5,256,step256,70426624,6,8,46,3,3,0.002080162987112999,0.0,22231.6796875
EleutherAI/pythia-70m,5,256,step256,70426624,6,8,46,3,4,0.007692661136388779,0.0,22231.6796875
EleutherAI/pythia-70m,5,256,step256,70426624,6,8,46,3,5,0.0034860626328736544,0.0,22231.6796875
EleutherAI/pythia-70m,5,256,step256,70426624,6,8,46,3,6,0.003652031999081373,0.0,22231.6796875
EleutherAI/pythia-70m,5,256,step256,70426624,6,8,46,3,7,0.010720494203269482,0.0,22231.6796875
EleutherAI/pythia-70m,5,256,step256,70426624,6,8,46,4,0,0.0024771459866315126,0.0,22231.6796875
EleutherAI/pythia-70m,5,256,step256,70426624,6,8,46,4,1,0.00419241888448596,0.0,22231.6796875
EleutherAI/pythia-70m,5,256,step256,70426624,6,8,46,4,2,0.008260050788521767,0.0,22231.6796875
EleutherAI/pythia-70m,5,256,step256,70426624,6,8,46,4,3,0.012761936523020267,0.0,22231.6796875
EleutherAI/pythia-70m,5,256,step256,70426624,6,8,46,4,4,0.011155681684613228,0.0,22231.6796875
EleutherAI/pythia-70m,5,256,step256,70426624,6,8,46,4,5,0.004829658195376396,0.0,22231.6796875
EleutherAI/pythia-70m,5,256,step256,70426624,6,8,46,4,6,0.003268307773396373,0.0,22231.6796875
EleutherAI/pythia-70m,5,256,step256,70426624,6,8,46,4,7,0.005523191299289465,0.0,22231.6796875
EleutherAI/pythia-70m,5,256,step256,70426624,6,8,46,5,0,0.006034743972122669,0.0,22231.6796875
EleutherAI/pythia-70m,5,256,step256,70426624,6,8,46,5,1,0.0062506855465471745,0.0,22231.6796875
EleutherAI/pythia-70m,5,256,step256,70426624,6,8,46,5,2,0.012156695127487183,0.0,22231.6796875
EleutherAI/pythia-70m,5,256,step256,70426624,6,8,46,5,3,0.003721705637872219,0.0,22231.6796875
EleutherAI/pythia-70m,5,256,step256,70426624,6,8,46,5,4,0.007527674548327923,0.0,22231.6796875
EleutherAI/pythia-70m,5,256,step256,70426624,6,8,46,5,5,0.005812278017401695,0.0,22231.6796875
EleutherAI/pythia-70m,5,256,step256,70426624,6,8,46,5,6,0.00684502674266696,0.0,22231.6796875
EleutherAI/pythia-70m,5,256,step256,70426624,6,8,46,5,7,0.005491412710398436,0.0,22231.6796875
EleutherAI/pythia-70m,5,256,step256,70426624,6,8,47,0,0,0.014370582066476345,0.0,26310.900390625
EleutherAI/pythia-70m,5,256,step256,70426624,6,8,47,0,1,0.01357423048466444,0.0,26310.900390625
EleutherAI/pythia-70m,5,256,step256,70426624,6,8,47,0,2,0.013430536724627018,0.0,26310.900390625
EleutherAI/pythia-70m,5,256,step256,70426624,6,8,47,0,3,0.013002553023397923,0.0,26310.900390625
EleutherAI/pythia-70m,5,256,step256,70426624,6,8,47,0,4,0.014237609691917896,0.0,26310.900390625
EleutherAI/pythia-70m,5,256,step256,70426624,6,8,47,0,5,0.0130830192938447,0.0,26310.900390625
EleutherAI/pythia-70m,5,256,step256,70426624,6,8,47,0,6,0.012324902229011059,0.0,26310.900390625
EleutherAI/pythia-70m,5,256,step256,70426624,6,8,47,0,7,0.015236019156873226,0.0,26310.900390625
EleutherAI/pythia-70m,5,256,step256,70426624,6,8,47,1,0,0.00742093613371253,0.0,26310.900390625
EleutherAI/pythia-70m,5,256,step256,70426624,6,8,47,1,1,0.009690072387456894,0.0,26310.900390625
EleutherAI/pythia-70m,5,256,step256,70426624,6,8,47,1,2,0.011684473603963852,0.0,26310.900390625
EleutherAI/pythia-70m,5,256,step256,70426624,6,8,47,1,3,0.012112803757190704,0.0,26310.900390625
EleutherAI/pythia-70m,5,256,step256,70426624,6,8,47,1,4,0.009786656126379967,0.0,26310.900390625
EleutherAI/pythia-70m,5,256,step256,70426624,6,8,47,1,5,0.007099619600921869,0.0,26310.900390625
EleutherAI/pythia-70m,5,256,step256,70426624,6,8,47,1,6,0.01017309632152319,0.0,26310.900390625
EleutherAI/pythia-70m,5,256,step256,70426624,6,8,47,1,7,0.011178995482623577,0.0,26310.900390625
EleutherAI/pythia-70m,5,256,step256,70426624,6,8,47,2,0,0.006353067699819803,0.0,26310.900390625
EleutherAI/pythia-70m,5,256,step256,70426624,6,8,47,2,1,0.007842326536774635,0.0,26310.900390625
EleutherAI/pythia-70m,5,256,step256,70426624,6,8,47,2,2,0.003493798663839698,0.0,26310.900390625
EleutherAI/pythia-70m,5,256,step256,70426624,6,8,47,2,3,0.006575650069862604,0.0,26310.900390625
EleutherAI/pythia-70m,5,256,step256,70426624,6,8,47,2,4,0.010043922811746597,0.0,26310.900390625
EleutherAI/pythia-70m,5,256,step256,70426624,6,8,47,2,5,0.005997757893055677,0.0,26310.900390625
EleutherAI/pythia-70m,5,256,step256,70426624,6,8,47,2,6,0.004011156037449837,0.0,26310.900390625
EleutherAI/pythia-70m,5,256,step256,70426624,6,8,47,2,7,0.006839322857558727,0.0,26310.900390625
EleutherAI/pythia-70m,5,256,step256,70426624,6,8,47,3,0,0.0035094264894723892,0.0,26310.900390625
EleutherAI/pythia-70m,5,256,step256,70426624,6,8,47,3,1,0.003711458994075656,0.0,26310.900390625
EleutherAI/pythia-70m,5,256,step256,70426624,6,8,47,3,2,0.006622942630201578,0.0,26310.900390625
EleutherAI/pythia-70m,5,256,step256,70426624,6,8,47,3,3,0.0019805431365966797,0.0,26310.900390625
EleutherAI/pythia-70m,5,256,step256,70426624,6,8,47,3,4,0.014018982648849487,0.0,26310.900390625
EleutherAI/pythia-70m,5,256,step256,70426624,6,8,47,3,5,0.003785524982959032,0.0,26310.900390625
EleutherAI/pythia-70m,5,256,step256,70426624,6,8,47,3,6,0.0016998089849948883,0.0,26310.900390625
EleutherAI/pythia-70m,5,256,step256,70426624,6,8,47,3,7,0.013143968768417835,0.0,26310.900390625
EleutherAI/pythia-70m,5,256,step256,70426624,6,8,47,4,0,0.0019094019662588835,0.0,26310.900390625
EleutherAI/pythia-70m,5,256,step256,70426624,6,8,47,4,1,0.004480808973312378,0.0,26310.900390625
EleutherAI/pythia-70m,5,256,step256,70426624,6,8,47,4,2,0.007798456121236086,0.0,26310.900390625
EleutherAI/pythia-70m,5,256,step256,70426624,6,8,47,4,3,0.014932815916836262,0.0,26310.900390625
EleutherAI/pythia-70m,5,256,step256,70426624,6,8,47,4,4,0.01115074846893549,0.0,26310.900390625
EleutherAI/pythia-70m,5,256,step256,70426624,6,8,47,4,5,0.004356770776212215,0.0,26310.900390625
EleutherAI/pythia-70m,5,256,step256,70426624,6,8,47,4,6,0.0036938765551894903,0.0,26310.900390625
EleutherAI/pythia-70m,5,256,step256,70426624,6,8,47,4,7,0.005572152324020863,0.0,26310.900390625
EleutherAI/pythia-70m,5,256,step256,70426624,6,8,47,5,0,0.007806321606040001,0.0,26310.900390625
EleutherAI/pythia-70m,5,256,step256,70426624,6,8,47,5,1,0.00494212843477726,0.0,26310.900390625
EleutherAI/pythia-70m,5,256,step256,70426624,6,8,47,5,2,0.01246702205389738,0.0,26310.900390625
EleutherAI/pythia-70m,5,256,step256,70426624,6,8,47,5,3,0.0024352609179913998,0.0,26310.900390625
EleutherAI/pythia-70m,5,256,step256,70426624,6,8,47,5,4,0.006474734749644995,0.0,26310.900390625
EleutherAI/pythia-70m,5,256,step256,70426624,6,8,47,5,5,0.004170113708823919,0.0,26310.900390625
EleutherAI/pythia-70m,5,256,step256,70426624,6,8,47,5,6,0.006613252684473991,0.0,26310.900390625
EleutherAI/pythia-70m,5,256,step256,70426624,6,8,47,5,7,0.0048042116686701775,0.0,26310.900390625
EleutherAI/pythia-70m,5,256,step256,70426624,6,8,48,0,0,0.013728528283536434,0.0,25393.5
EleutherAI/pythia-70m,5,256,step256,70426624,6,8,48,0,1,0.014244293794035912,0.0,25393.5
EleutherAI/pythia-70m,5,256,step256,70426624,6,8,48,0,2,0.013301108032464981,0.0,25393.5
EleutherAI/pythia-70m,5,256,step256,70426624,6,8,48,0,3,0.012949101626873016,0.0,25393.5
EleutherAI/pythia-70m,5,256,step256,70426624,6,8,48,0,4,0.015227642841637135,0.0,25393.5
EleutherAI/pythia-70m,5,256,step256,70426624,6,8,48,0,5,0.01286514662206173,0.0,25393.5
EleutherAI/pythia-70m,5,256,step256,70426624,6,8,48,0,6,0.015956616029143333,0.0,25393.5
EleutherAI/pythia-70m,5,256,step256,70426624,6,8,48,0,7,0.012964000925421715,0.0,25393.5
EleutherAI/pythia-70m,5,256,step256,70426624,6,8,48,1,0,0.007346710190176964,0.0,25393.5
EleutherAI/pythia-70m,5,256,step256,70426624,6,8,48,1,1,0.009225886315107346,0.0,25393.5
EleutherAI/pythia-70m,5,256,step256,70426624,6,8,48,1,2,0.009509039111435413,0.0,25393.5
EleutherAI/pythia-70m,5,256,step256,70426624,6,8,48,1,3,0.011386380530893803,0.0,25393.5
EleutherAI/pythia-70m,5,256,step256,70426624,6,8,48,1,4,0.009771430864930153,0.0,25393.5
EleutherAI/pythia-70m,5,256,step256,70426624,6,8,48,1,5,0.00689772330224514,0.0,25393.5
EleutherAI/pythia-70m,5,256,step256,70426624,6,8,48,1,6,0.008839139714837074,0.0,25393.5
EleutherAI/pythia-70m,5,256,step256,70426624,6,8,48,1,7,0.011335419490933418,0.0,25393.5
EleutherAI/pythia-70m,5,256,step256,70426624,6,8,48,2,0,0.007032371591776609,0.0,25393.5
EleutherAI/pythia-70m,5,256,step256,70426624,6,8,48,2,1,0.009422209113836288,0.0,25393.5
EleutherAI/pythia-70m,5,256,step256,70426624,6,8,48,2,2,0.0033329168800264597,0.0,25393.5
EleutherAI/pythia-70m,5,256,step256,70426624,6,8,48,2,3,0.010849281214177608,0.0,25393.5
EleutherAI/pythia-70m,5,256,step256,70426624,6,8,48,2,4,0.010337318293750286,0.0,25393.5
EleutherAI/pythia-70m,5,256,step256,70426624,6,8,48,2,5,0.004864315502345562,0.0,25393.5
EleutherAI/pythia-70m,5,256,step256,70426624,6,8,48,2,6,0.005513299722224474,0.0,25393.5
EleutherAI/pythia-70m,5,256,step256,70426624,6,8,48,2,7,0.00634007528424263,0.0,25393.5
EleutherAI/pythia-70m,5,256,step256,70426624,6,8,48,3,0,0.00389135186560452,0.0,25393.5
EleutherAI/pythia-70m,5,256,step256,70426624,6,8,48,3,1,0.0036444631405174732,0.0,25393.5
EleutherAI/pythia-70m,5,256,step256,70426624,6,8,48,3,2,0.00705739576369524,0.0,25393.5
EleutherAI/pythia-70m,5,256,step256,70426624,6,8,48,3,3,0.003336688969284296,0.0,25393.5
EleutherAI/pythia-70m,5,256,step256,70426624,6,8,48,3,4,0.010912662371993065,0.0,25393.5
EleutherAI/pythia-70m,5,256,step256,70426624,6,8,48,3,5,0.0041809165850281715,0.0,25393.5
EleutherAI/pythia-70m,5,256,step256,70426624,6,8,48,3,6,0.0028660492971539497,0.0,25393.5
EleutherAI/pythia-70m,5,256,step256,70426624,6,8,48,3,7,0.013825219124555588,0.0,25393.5
EleutherAI/pythia-70m,5,256,step256,70426624,6,8,48,4,0,0.0035420081112533808,0.0,25393.5
EleutherAI/pythia-70m,5,256,step256,70426624,6,8,48,4,1,0.005325150676071644,0.0,25393.5
EleutherAI/pythia-70m,5,256,step256,70426624,6,8,48,4,2,0.01060799602419138,0.0,25393.5
EleutherAI/pythia-70m,5,256,step256,70426624,6,8,48,4,3,0.016605986282229424,0.0,25393.5
EleutherAI/pythia-70m,5,256,step256,70426624,6,8,48,4,4,0.012592118233442307,0.0,25393.5
EleutherAI/pythia-70m,5,256,step256,70426624,6,8,48,4,5,0.005031826440244913,0.0,25393.5
EleutherAI/pythia-70m,5,256,step256,70426624,6,8,48,4,6,0.0049681104719638824,0.0,25393.5
EleutherAI/pythia-70m,5,256,step256,70426624,6,8,48,4,7,0.007919765077531338,0.0,25393.5
EleutherAI/pythia-70m,5,256,step256,70426624,6,8,48,5,0,0.007924376055598259,0.0,25393.5
EleutherAI/pythia-70m,5,256,step256,70426624,6,8,48,5,1,0.009581402875483036,0.0,25393.5
EleutherAI/pythia-70m,5,256,step256,70426624,6,8,48,5,2,0.013777513056993484,0.0,25393.5
EleutherAI/pythia-70m,5,256,step256,70426624,6,8,48,5,3,0.003979490604251623,0.0,25393.5
EleutherAI/pythia-70m,5,256,step256,70426624,6,8,48,5,4,0.005873567890375853,0.0,25393.5
EleutherAI/pythia-70m,5,256,step256,70426624,6,8,48,5,5,0.004736935254186392,0.0,25393.5
EleutherAI/pythia-70m,5,256,step256,70426624,6,8,48,5,6,0.00838375836610794,0.0,25393.5
EleutherAI/pythia-70m,5,256,step256,70426624,6,8,48,5,7,0.006787905469536781,0.0,25393.5
EleutherAI/pythia-70m,5,256,step256,70426624,6,8,49,0,0,0.013806388713419437,0.0,24170.4609375
EleutherAI/pythia-70m,5,256,step256,70426624,6,8,49,0,1,0.014153745025396347,0.0,24170.4609375
EleutherAI/pythia-70m,5,256,step256,70426624,6,8,49,0,2,0.012861203402280807,0.0,24170.4609375
EleutherAI/pythia-70m,5,256,step256,70426624,6,8,49,0,3,0.012975838035345078,0.0,24170.4609375
EleutherAI/pythia-70m,5,256,step256,70426624,6,8,49,0,4,0.012464766390621662,0.0,24170.4609375
EleutherAI/pythia-70m,5,256,step256,70426624,6,8,49,0,5,0.012437566183507442,0.0,24170.4609375
EleutherAI/pythia-70m,5,256,step256,70426624,6,8,49,0,6,0.014165815897285938,0.0,24170.4609375
EleutherAI/pythia-70m,5,256,step256,70426624,6,8,49,0,7,0.014555567875504494,0.0,24170.4609375
EleutherAI/pythia-70m,5,256,step256,70426624,6,8,49,1,0,0.008583860471844673,0.0,24170.4609375
EleutherAI/pythia-70m,5,256,step256,70426624,6,8,49,1,1,0.009604981169104576,0.0,24170.4609375
EleutherAI/pythia-70m,5,256,step256,70426624,6,8,49,1,2,0.010881486348807812,0.0,24170.4609375
EleutherAI/pythia-70m,5,256,step256,70426624,6,8,49,1,3,0.010923382826149464,0.0,24170.4609375
EleutherAI/pythia-70m,5,256,step256,70426624,6,8,49,1,4,0.009367880411446095,0.0,24170.4609375
EleutherAI/pythia-70m,5,256,step256,70426624,6,8,49,1,5,0.008082198910415173,0.0,24170.4609375
EleutherAI/pythia-70m,5,256,step256,70426624,6,8,49,1,6,0.009140443056821823,0.0,24170.4609375
EleutherAI/pythia-70m,5,256,step256,70426624,6,8,49,1,7,0.010608550161123276,0.0,24170.4609375
EleutherAI/pythia-70m,5,256,step256,70426624,6,8,49,2,0,0.005364662501960993,0.0,24170.4609375
EleutherAI/pythia-70m,5,256,step256,70426624,6,8,49,2,1,0.0053625996224582195,0.0,24170.4609375
EleutherAI/pythia-70m,5,256,step256,70426624,6,8,49,2,2,0.0024235951714217663,0.0,24170.4609375
EleutherAI/pythia-70m,5,256,step256,70426624,6,8,49,2,3,0.005680149421095848,0.0,24170.4609375
EleutherAI/pythia-70m,5,256,step256,70426624,6,8,49,2,4,0.010306723415851593,0.0,24170.4609375
EleutherAI/pythia-70m,5,256,step256,70426624,6,8,49,2,5,0.00556146027520299,0.0,24170.4609375
EleutherAI/pythia-70m,5,256,step256,70426624,6,8,49,2,6,0.0035855823662132025,0.0,24170.4609375
EleutherAI/pythia-70m,5,256,step256,70426624,6,8,49,2,7,0.00651877885684371,0.0,24170.4609375
EleutherAI/pythia-70m,5,256,step256,70426624,6,8,49,3,0,0.0037372056394815445,0.0,24170.4609375
EleutherAI/pythia-70m,5,256,step256,70426624,6,8,49,3,1,0.002311916323378682,0.0,24170.4609375
EleutherAI/pythia-70m,5,256,step256,70426624,6,8,49,3,2,0.0034728306345641613,0.0,24170.4609375
EleutherAI/pythia-70m,5,256,step256,70426624,6,8,49,3,3,0.0016683508874848485,0.0,24170.4609375
EleutherAI/pythia-70m,5,256,step256,70426624,6,8,49,3,4,0.005427239928394556,0.0,24170.4609375
EleutherAI/pythia-70m,5,256,step256,70426624,6,8,49,3,5,0.0027200113981962204,0.0,24170.4609375
EleutherAI/pythia-70m,5,256,step256,70426624,6,8,49,3,6,0.0023881199304014444,0.0,24170.4609375
EleutherAI/pythia-70m,5,256,step256,70426624,6,8,49,3,7,0.008756456896662712,0.0,24170.4609375
EleutherAI/pythia-70m,5,256,step256,70426624,6,8,49,4,0,0.002541014226153493,0.0,24170.4609375
EleutherAI/pythia-70m,5,256,step256,70426624,6,8,49,4,1,0.004771857988089323,0.0,24170.4609375
EleutherAI/pythia-70m,5,256,step256,70426624,6,8,49,4,2,0.008657175116240978,0.0,24170.4609375
EleutherAI/pythia-70m,5,256,step256,70426624,6,8,49,4,3,0.014612514525651932,0.0,24170.4609375
EleutherAI/pythia-70m,5,256,step256,70426624,6,8,49,4,4,0.011961797252297401,0.0,24170.4609375
EleutherAI/pythia-70m,5,256,step256,70426624,6,8,49,4,5,0.0037627366837114096,0.0,24170.4609375
EleutherAI/pythia-70m,5,256,step256,70426624,6,8,49,4,6,0.003432624973356724,0.0,24170.4609375
EleutherAI/pythia-70m,5,256,step256,70426624,6,8,49,4,7,0.0074279215186834335,0.0,24170.4609375
EleutherAI/pythia-70m,5,256,step256,70426624,6,8,49,5,0,0.008487927727401257,0.0,24170.4609375
EleutherAI/pythia-70m,5,256,step256,70426624,6,8,49,5,1,0.00914987176656723,0.0,24170.4609375
EleutherAI/pythia-70m,5,256,step256,70426624,6,8,49,5,2,0.010464050807058811,0.0,24170.4609375
EleutherAI/pythia-70m,5,256,step256,70426624,6,8,49,5,3,0.0023665784392505884,0.0,24170.4609375
EleutherAI/pythia-70m,5,256,step256,70426624,6,8,49,5,4,0.006258457433432341,0.0,24170.4609375
EleutherAI/pythia-70m,5,256,step256,70426624,6,8,49,5,5,0.006397202145308256,0.0,24170.4609375
EleutherAI/pythia-70m,5,256,step256,70426624,6,8,49,5,6,0.004394927062094212,0.0,24170.4609375
EleutherAI/pythia-70m,5,256,step256,70426624,6,8,49,5,7,0.0038209320046007633,0.0,24170.4609375
EleutherAI/pythia-70m,5,256,step256,70426624,6,8,50,0,0,0.013988422229886055,0.0,24782.3203125
EleutherAI/pythia-70m,5,256,step256,70426624,6,8,50,0,1,0.012807133607566357,0.0,24782.3203125
EleutherAI/pythia-70m,5,256,step256,70426624,6,8,50,0,2,0.013726133853197098,0.0,24782.3203125
EleutherAI/pythia-70m,5,256,step256,70426624,6,8,50,0,3,0.013269532471895218,0.0,24782.3203125
EleutherAI/pythia-70m,5,256,step256,70426624,6,8,50,0,4,0.015429842285811901,0.0,24782.3203125
EleutherAI/pythia-70m,5,256,step256,70426624,6,8,50,0,5,0.01401428785175085,0.0,24782.3203125
EleutherAI/pythia-70m,5,256,step256,70426624,6,8,50,0,6,0.013424204662442207,0.0,24782.3203125
EleutherAI/pythia-70m,5,256,step256,70426624,6,8,50,0,7,0.013651127927005291,0.0,24782.3203125
EleutherAI/pythia-70m,5,256,step256,70426624,6,8,50,1,0,0.008004069328308105,0.0,24782.3203125
EleutherAI/pythia-70m,5,256,step256,70426624,6,8,50,1,1,0.009641685523092747,0.0,24782.3203125
EleutherAI/pythia-70m,5,256,step256,70426624,6,8,50,1,2,0.012967729941010475,0.0,24782.3203125
EleutherAI/pythia-70m,5,256,step256,70426624,6,8,50,1,3,0.013600173406302929,0.0,24782.3203125
EleutherAI/pythia-70m,5,256,step256,70426624,6,8,50,1,4,0.010145699605345726,0.0,24782.3203125
EleutherAI/pythia-70m,5,256,step256,70426624,6,8,50,1,5,0.008463102392852306,0.0,24782.3203125
EleutherAI/pythia-70m,5,256,step256,70426624,6,8,50,1,6,0.01105144526809454,0.0,24782.3203125
EleutherAI/pythia-70m,5,256,step256,70426624,6,8,50,1,7,0.012669255957007408,0.0,24782.3203125
EleutherAI/pythia-70m,5,256,step256,70426624,6,8,50,2,0,0.0079971207305789,0.0,24782.3203125
EleutherAI/pythia-70m,5,256,step256,70426624,6,8,50,2,1,0.007417488843202591,0.0,24782.3203125
EleutherAI/pythia-70m,5,256,step256,70426624,6,8,50,2,2,0.003174048848450184,0.0,24782.3203125
EleutherAI/pythia-70m,5,256,step256,70426624,6,8,50,2,3,0.010371489450335503,0.0,24782.3203125
EleutherAI/pythia-70m,5,256,step256,70426624,6,8,50,2,4,0.00908125564455986,0.0,24782.3203125
EleutherAI/pythia-70m,5,256,step256,70426624,6,8,50,2,5,0.004880283959209919,0.0,24782.3203125
EleutherAI/pythia-70m,5,256,step256,70426624,6,8,50,2,6,0.003109580371528864,0.0,24782.3203125
EleutherAI/pythia-70m,5,256,step256,70426624,6,8,50,2,7,0.006980391219258308,0.0,24782.3203125
EleutherAI/pythia-70m,5,256,step256,70426624,6,8,50,3,0,0.004473699722439051,0.0,24782.3203125
EleutherAI/pythia-70m,5,256,step256,70426624,6,8,50,3,1,0.0035195150412619114,0.0,24782.3203125
EleutherAI/pythia-70m,5,256,step256,70426624,6,8,50,3,2,0.006661379709839821,0.0,24782.3203125
EleutherAI/pythia-70m,5,256,step256,70426624,6,8,50,3,3,0.0021018420811742544,0.0,24782.3203125
EleutherAI/pythia-70m,5,256,step256,70426624,6,8,50,3,4,0.006185128819197416,0.0,24782.3203125
EleutherAI/pythia-70m,5,256,step256,70426624,6,8,50,3,5,0.004131942987442017,0.0,24782.3203125
EleutherAI/pythia-70m,5,256,step256,70426624,6,8,50,3,6,0.0027172190602868795,0.0,24782.3203125
EleutherAI/pythia-70m,5,256,step256,70426624,6,8,50,3,7,0.00773280905559659,0.0,24782.3203125
EleutherAI/pythia-70m,5,256,step256,70426624,6,8,50,4,0,0.003959981258958578,0.0,24782.3203125
EleutherAI/pythia-70m,5,256,step256,70426624,6,8,50,4,1,0.004423683509230614,0.0,24782.3203125
EleutherAI/pythia-70m,5,256,step256,70426624,6,8,50,4,2,0.009074140340089798,0.0,24782.3203125
EleutherAI/pythia-70m,5,256,step256,70426624,6,8,50,4,3,0.01385634858161211,0.0,24782.3203125
EleutherAI/pythia-70m,5,256,step256,70426624,6,8,50,4,4,0.010448753833770752,0.0,24782.3203125
EleutherAI/pythia-70m,5,256,step256,70426624,6,8,50,4,5,0.007381369359791279,0.0,24782.3203125
EleutherAI/pythia-70m,5,256,step256,70426624,6,8,50,4,6,0.004530725069344044,0.0,24782.3203125
EleutherAI/pythia-70m,5,256,step256,70426624,6,8,50,4,7,0.005443739704787731,0.0,24782.3203125
EleutherAI/pythia-70m,5,256,step256,70426624,6,8,50,5,0,0.008688610047101974,0.0,24782.3203125
EleutherAI/pythia-70m,5,256,step256,70426624,6,8,50,5,1,0.004936336539685726,0.0,24782.3203125
EleutherAI/pythia-70m,5,256,step256,70426624,6,8,50,5,2,0.01180405542254448,0.0,24782.3203125
EleutherAI/pythia-70m,5,256,step256,70426624,6,8,50,5,3,0.0038164732977747917,0.0,24782.3203125
EleutherAI/pythia-70m,5,256,step256,70426624,6,8,50,5,4,0.005999174900352955,0.0,24782.3203125
EleutherAI/pythia-70m,5,256,step256,70426624,6,8,50,5,5,0.00523803336545825,0.0,24782.3203125
EleutherAI/pythia-70m,5,256,step256,70426624,6,8,50,5,6,0.006245860829949379,0.0,24782.3203125
EleutherAI/pythia-70m,5,256,step256,70426624,6,8,50,5,7,0.005785573273897171,0.0,24782.3203125
EleutherAI/pythia-70m,5,256,step256,70426624,6,8,51,0,0,0.013874546624720097,0.0,25480.359375
EleutherAI/pythia-70m,5,256,step256,70426624,6,8,51,0,1,0.014180690050125122,0.0,25480.359375
EleutherAI/pythia-70m,5,256,step256,70426624,6,8,51,0,2,0.013418503105640411,0.0,25480.359375
EleutherAI/pythia-70m,5,256,step256,70426624,6,8,51,0,3,0.013158586807549,0.0,25480.359375
EleutherAI/pythia-70m,5,256,step256,70426624,6,8,51,0,4,0.015261810272932053,0.0,25480.359375
EleutherAI/pythia-70m,5,256,step256,70426624,6,8,51,0,5,0.01184441801160574,0.0,25480.359375
EleutherAI/pythia-70m,5,256,step256,70426624,6,8,51,0,6,0.014396185986697674,0.0,25480.359375
EleutherAI/pythia-70m,5,256,step256,70426624,6,8,51,0,7,0.012765378691256046,0.0,25480.359375
EleutherAI/pythia-70m,5,256,step256,70426624,6,8,51,1,0,0.008596564643085003,0.0,25480.359375
EleutherAI/pythia-70m,5,256,step256,70426624,6,8,51,1,1,0.007021799683570862,0.0,25480.359375
EleutherAI/pythia-70m,5,256,step256,70426624,6,8,51,1,2,0.010055936872959137,0.0,25480.359375
EleutherAI/pythia-70m,5,256,step256,70426624,6,8,51,1,3,0.01269241701811552,0.0,25480.359375
EleutherAI/pythia-70m,5,256,step256,70426624,6,8,51,1,4,0.008721859194338322,0.0,25480.359375
EleutherAI/pythia-70m,5,256,step256,70426624,6,8,51,1,5,0.00740772532299161,0.0,25480.359375
EleutherAI/pythia-70m,5,256,step256,70426624,6,8,51,1,6,0.010310539975762367,0.0,25480.359375
EleutherAI/pythia-70m,5,256,step256,70426624,6,8,51,1,7,0.010613314807415009,0.0,25480.359375
EleutherAI/pythia-70m,5,256,step256,70426624,6,8,51,2,0,0.006016876548528671,0.0,25480.359375
EleutherAI/pythia-70m,5,256,step256,70426624,6,8,51,2,1,0.006943590473383665,0.0,25480.359375
EleutherAI/pythia-70m,5,256,step256,70426624,6,8,51,2,2,0.003217479679733515,0.0,25480.359375
EleutherAI/pythia-70m,5,256,step256,70426624,6,8,51,2,3,0.0063506923615932465,0.0,25480.359375
EleutherAI/pythia-70m,5,256,step256,70426624,6,8,51,2,4,0.011523247696459293,0.0,25480.359375
EleutherAI/pythia-70m,5,256,step256,70426624,6,8,51,2,5,0.004443793557584286,0.0,25480.359375
EleutherAI/pythia-70m,5,256,step256,70426624,6,8,51,2,6,0.004361913073807955,0.0,25480.359375
EleutherAI/pythia-70m,5,256,step256,70426624,6,8,51,2,7,0.00719809764996171,0.0,25480.359375
EleutherAI/pythia-70m,5,256,step256,70426624,6,8,51,3,0,0.0035607859026640654,0.0,25480.359375
EleutherAI/pythia-70m,5,256,step256,70426624,6,8,51,3,1,0.002895183628425002,0.0,25480.359375
EleutherAI/pythia-70m,5,256,step256,70426624,6,8,51,3,2,0.006543428171426058,0.0,25480.359375
EleutherAI/pythia-70m,5,256,step256,70426624,6,8,51,3,3,0.0016292792279273272,0.0,25480.359375
EleutherAI/pythia-70m,5,256,step256,70426624,6,8,51,3,4,0.008182452991604805,0.0,25480.359375
EleutherAI/pythia-70m,5,256,step256,70426624,6,8,51,3,5,0.0025419003795832396,0.0,25480.359375
EleutherAI/pythia-70m,5,256,step256,70426624,6,8,51,3,6,0.0031979959458112717,0.0,25480.359375
EleutherAI/pythia-70m,5,256,step256,70426624,6,8,51,3,7,0.010702789761126041,0.0,25480.359375
EleutherAI/pythia-70m,5,256,step256,70426624,6,8,51,4,0,0.002816752763465047,0.0,25480.359375
EleutherAI/pythia-70m,5,256,step256,70426624,6,8,51,4,1,0.0038067898713052273,0.0,25480.359375
EleutherAI/pythia-70m,5,256,step256,70426624,6,8,51,4,2,0.006625187583267689,0.0,25480.359375
EleutherAI/pythia-70m,5,256,step256,70426624,6,8,51,4,3,0.017316246405243874,0.0,25480.359375
EleutherAI/pythia-70m,5,256,step256,70426624,6,8,51,4,4,0.01123281754553318,0.0,25480.359375
EleutherAI/pythia-70m,5,256,step256,70426624,6,8,51,4,5,0.004102219827473164,0.0,25480.359375
EleutherAI/pythia-70m,5,256,step256,70426624,6,8,51,4,6,0.003404892049729824,0.0,25480.359375
EleutherAI/pythia-70m,5,256,step256,70426624,6,8,51,4,7,0.0061096916906535625,0.0,25480.359375
EleutherAI/pythia-70m,5,256,step256,70426624,6,8,51,5,0,0.007307261694222689,0.0,25480.359375
EleutherAI/pythia-70m,5,256,step256,70426624,6,8,51,5,1,0.004735032096505165,0.0,25480.359375
EleutherAI/pythia-70m,5,256,step256,70426624,6,8,51,5,2,0.013963794335722923,0.0,25480.359375
EleutherAI/pythia-70m,5,256,step256,70426624,6,8,51,5,3,0.0015015390235930681,0.0,25480.359375
EleutherAI/pythia-70m,5,256,step256,70426624,6,8,51,5,4,0.006895996164530516,0.0,25480.359375
EleutherAI/pythia-70m,5,256,step256,70426624,6,8,51,5,5,0.0054502892307937145,0.0,25480.359375
EleutherAI/pythia-70m,5,256,step256,70426624,6,8,51,5,6,0.0058512301184237,0.0,25480.359375
EleutherAI/pythia-70m,5,256,step256,70426624,6,8,51,5,7,0.00478056725114584,0.0,25480.359375
EleutherAI/pythia-70m,5,256,step256,70426624,6,8,52,0,0,0.013732063584029675,0.0,25479.900390625
EleutherAI/pythia-70m,5,256,step256,70426624,6,8,52,0,1,0.01272805780172348,0.0,25479.900390625
EleutherAI/pythia-70m,5,256,step256,70426624,6,8,52,0,2,0.01275218278169632,0.0,25479.900390625
EleutherAI/pythia-70m,5,256,step256,70426624,6,8,52,0,3,0.01271736528724432,0.0,25479.900390625
EleutherAI/pythia-70m,5,256,step256,70426624,6,8,52,0,4,0.013173880986869335,0.0,25479.900390625
EleutherAI/pythia-70m,5,256,step256,70426624,6,8,52,0,5,0.014224417507648468,0.0,25479.900390625
EleutherAI/pythia-70m,5,256,step256,70426624,6,8,52,0,6,0.013400329276919365,0.0,25479.900390625
EleutherAI/pythia-70m,5,256,step256,70426624,6,8,52,0,7,0.01388748548924923,0.0,25479.900390625
EleutherAI/pythia-70m,5,256,step256,70426624,6,8,52,1,0,0.0091830063611269,0.0,25479.900390625
EleutherAI/pythia-70m,5,256,step256,70426624,6,8,52,1,1,0.010213751345872879,0.0,25479.900390625
EleutherAI/pythia-70m,5,256,step256,70426624,6,8,52,1,2,0.008767352439463139,0.0,25479.900390625
EleutherAI/pythia-70m,5,256,step256,70426624,6,8,52,1,3,0.012448051944375038,0.0,25479.900390625
EleutherAI/pythia-70m,5,256,step256,70426624,6,8,52,1,4,0.011771082878112793,0.0,25479.900390625
EleutherAI/pythia-70m,5,256,step256,70426624,6,8,52,1,5,0.009534862823784351,0.0,25479.900390625
EleutherAI/pythia-70m,5,256,step256,70426624,6,8,52,1,6,0.01083405688405037,0.0,25479.900390625
EleutherAI/pythia-70m,5,256,step256,70426624,6,8,52,1,7,0.010645024478435516,0.0,25479.900390625
EleutherAI/pythia-70m,5,256,step256,70426624,6,8,52,2,0,0.006977013777941465,0.0,25479.900390625
EleutherAI/pythia-70m,5,256,step256,70426624,6,8,52,2,1,0.00802584644407034,0.0,25479.900390625
EleutherAI/pythia-70m,5,256,step256,70426624,6,8,52,2,2,0.004853043705224991,0.0,25479.900390625
EleutherAI/pythia-70m,5,256,step256,70426624,6,8,52,2,3,0.008263086900115013,0.0,25479.900390625
EleutherAI/pythia-70m,5,256,step256,70426624,6,8,52,2,4,0.011164911091327667,0.0,25479.900390625
EleutherAI/pythia-70m,5,256,step256,70426624,6,8,52,2,5,0.005449765827506781,0.0,25479.900390625
EleutherAI/pythia-70m,5,256,step256,70426624,6,8,52,2,6,0.005841121543198824,0.0,25479.900390625
EleutherAI/pythia-70m,5,256,step256,70426624,6,8,52,2,7,0.00584258371964097,0.0,25479.900390625
EleutherAI/pythia-70m,5,256,step256,70426624,6,8,52,3,0,0.003730632131919265,0.0,25479.900390625
EleutherAI/pythia-70m,5,256,step256,70426624,6,8,52,3,1,0.00454368069767952,0.0,25479.900390625
EleutherAI/pythia-70m,5,256,step256,70426624,6,8,52,3,2,0.0032302341423928738,0.0,25479.900390625
EleutherAI/pythia-70m,5,256,step256,70426624,6,8,52,3,3,0.002253063255921006,0.0,25479.900390625
EleutherAI/pythia-70m,5,256,step256,70426624,6,8,52,3,4,0.007961070165038109,0.0,25479.900390625
EleutherAI/pythia-70m,5,256,step256,70426624,6,8,52,3,5,0.0036656081210821867,0.0,25479.900390625
EleutherAI/pythia-70m,5,256,step256,70426624,6,8,52,3,6,0.0025459802709519863,0.0,25479.900390625
EleutherAI/pythia-70m,5,256,step256,70426624,6,8,52,3,7,0.011474331840872765,0.0,25479.900390625
EleutherAI/pythia-70m,5,256,step256,70426624,6,8,52,4,0,0.002048674039542675,0.0,25479.900390625
EleutherAI/pythia-70m,5,256,step256,70426624,6,8,52,4,1,0.006104087922722101,0.0,25479.900390625
EleutherAI/pythia-70m,5,256,step256,70426624,6,8,52,4,2,0.008593288250267506,0.0,25479.900390625
EleutherAI/pythia-70m,5,256,step256,70426624,6,8,52,4,3,0.01584099605679512,0.0,25479.900390625
EleutherAI/pythia-70m,5,256,step256,70426624,6,8,52,4,4,0.010645776055753231,0.0,25479.900390625
EleutherAI/pythia-70m,5,256,step256,70426624,6,8,52,4,5,0.0036869749892503023,0.0,25479.900390625
EleutherAI/pythia-70m,5,256,step256,70426624,6,8,52,4,6,0.0034718355163931847,0.0,25479.900390625
EleutherAI/pythia-70m,5,256,step256,70426624,6,8,52,4,7,0.0041987779550254345,0.0,25479.900390625
EleutherAI/pythia-70m,5,256,step256,70426624,6,8,52,5,0,0.006763883866369724,0.0,25479.900390625
EleutherAI/pythia-70m,5,256,step256,70426624,6,8,52,5,1,0.005651413928717375,0.0,25479.900390625
EleutherAI/pythia-70m,5,256,step256,70426624,6,8,52,5,2,0.011950238607823849,0.0,25479.900390625
EleutherAI/pythia-70m,5,256,step256,70426624,6,8,52,5,3,0.002938212128356099,0.0,25479.900390625
EleutherAI/pythia-70m,5,256,step256,70426624,6,8,52,5,4,0.007022977340966463,0.0,25479.900390625
EleutherAI/pythia-70m,5,256,step256,70426624,6,8,52,5,5,0.00527505436912179,0.0,25479.900390625
EleutherAI/pythia-70m,5,256,step256,70426624,6,8,52,5,6,0.00665047625079751,0.0,25479.900390625
EleutherAI/pythia-70m,5,256,step256,70426624,6,8,52,5,7,0.006183622870594263,0.0,25479.900390625
EleutherAI/pythia-70m,5,256,step256,70426624,6,8,53,0,0,0.015981441363692284,0.0,20412.19921875
EleutherAI/pythia-70m,5,256,step256,70426624,6,8,53,0,1,0.013035161420702934,0.0,20412.19921875
EleutherAI/pythia-70m,5,256,step256,70426624,6,8,53,0,2,0.014799502678215504,0.0,20412.19921875
EleutherAI/pythia-70m,5,256,step256,70426624,6,8,53,0,3,0.014535157941281796,0.0,20412.19921875
EleutherAI/pythia-70m,5,256,step256,70426624,6,8,53,0,4,0.013152244500815868,0.0,20412.19921875
EleutherAI/pythia-70m,5,256,step256,70426624,6,8,53,0,5,0.012935174629092216,0.0,20412.19921875
EleutherAI/pythia-70m,5,256,step256,70426624,6,8,53,0,6,0.013842863962054253,0.0,20412.19921875
EleutherAI/pythia-70m,5,256,step256,70426624,6,8,53,0,7,0.014934385195374489,0.0,20412.19921875
EleutherAI/pythia-70m,5,256,step256,70426624,6,8,53,1,0,0.007529254071414471,0.0,20412.19921875
EleutherAI/pythia-70m,5,256,step256,70426624,6,8,53,1,1,0.010426848195493221,0.0,20412.19921875
EleutherAI/pythia-70m,5,256,step256,70426624,6,8,53,1,2,0.01112209539860487,0.0,20412.19921875
EleutherAI/pythia-70m,5,256,step256,70426624,6,8,53,1,3,0.013301198370754719,0.0,20412.19921875
EleutherAI/pythia-70m,5,256,step256,70426624,6,8,53,1,4,0.010738146491348743,0.0,20412.19921875
EleutherAI/pythia-70m,5,256,step256,70426624,6,8,53,1,5,0.007853543385863304,0.0,20412.19921875
EleutherAI/pythia-70m,5,256,step256,70426624,6,8,53,1,6,0.009474643506109715,0.0,20412.19921875
EleutherAI/pythia-70m,5,256,step256,70426624,6,8,53,1,7,0.011495501734316349,0.0,20412.19921875
EleutherAI/pythia-70m,5,256,step256,70426624,6,8,53,2,0,0.006661431398242712,0.0,20412.19921875
EleutherAI/pythia-70m,5,256,step256,70426624,6,8,53,2,1,0.007054466754198074,0.0,20412.19921875
EleutherAI/pythia-70m,5,256,step256,70426624,6,8,53,2,2,0.0027736262418329716,0.0,20412.19921875
EleutherAI/pythia-70m,5,256,step256,70426624,6,8,53,2,3,0.008651860989630222,0.0,20412.19921875
EleutherAI/pythia-70m,5,256,step256,70426624,6,8,53,2,4,0.010013862513005733,0.0,20412.19921875
EleutherAI/pythia-70m,5,256,step256,70426624,6,8,53,2,5,0.0049973102286458015,0.0,20412.19921875
EleutherAI/pythia-70m,5,256,step256,70426624,6,8,53,2,6,0.004235082771629095,0.0,20412.19921875
EleutherAI/pythia-70m,5,256,step256,70426624,6,8,53,2,7,0.007086472120136023,0.0,20412.19921875
EleutherAI/pythia-70m,5,256,step256,70426624,6,8,53,3,0,0.003478500060737133,0.0,20412.19921875
EleutherAI/pythia-70m,5,256,step256,70426624,6,8,53,3,1,0.005092310719192028,0.0,20412.19921875
EleutherAI/pythia-70m,5,256,step256,70426624,6,8,53,3,2,0.0036374437622725964,0.0,20412.19921875
EleutherAI/pythia-70m,5,256,step256,70426624,6,8,53,3,3,0.0031062148045748472,0.0,20412.19921875
EleutherAI/pythia-70m,5,256,step256,70426624,6,8,53,3,4,0.005812827963382006,0.0,20412.19921875
EleutherAI/pythia-70m,5,256,step256,70426624,6,8,53,3,5,0.0027550444938242435,0.0,20412.19921875
EleutherAI/pythia-70m,5,256,step256,70426624,6,8,53,3,6,0.0026247913483530283,0.0,20412.19921875
EleutherAI/pythia-70m,5,256,step256,70426624,6,8,53,3,7,0.010199078358709812,0.0,20412.19921875
EleutherAI/pythia-70m,5,256,step256,70426624,6,8,53,4,0,0.0024332134053111076,0.0,20412.19921875
EleutherAI/pythia-70m,5,256,step256,70426624,6,8,53,4,1,0.006174616049975157,0.0,20412.19921875
EleutherAI/pythia-70m,5,256,step256,70426624,6,8,53,4,2,0.010086433961987495,0.0,20412.19921875
EleutherAI/pythia-70m,5,256,step256,70426624,6,8,53,4,3,0.012413609772920609,0.0,20412.19921875
EleutherAI/pythia-70m,5,256,step256,70426624,6,8,53,4,4,0.010140317492187023,0.0,20412.19921875
EleutherAI/pythia-70m,5,256,step256,70426624,6,8,53,4,5,0.002580012194812298,0.0,20412.19921875
EleutherAI/pythia-70m,5,256,step256,70426624,6,8,53,4,6,0.005214495584368706,0.0,20412.19921875
EleutherAI/pythia-70m,5,256,step256,70426624,6,8,53,4,7,0.006021792069077492,0.0,20412.19921875
EleutherAI/pythia-70m,5,256,step256,70426624,6,8,53,5,0,0.00824686512351036,0.0,20412.19921875
EleutherAI/pythia-70m,5,256,step256,70426624,6,8,53,5,1,0.006994711235165596,0.0,20412.19921875
EleutherAI/pythia-70m,5,256,step256,70426624,6,8,53,5,2,0.011583604849874973,0.0,20412.19921875
EleutherAI/pythia-70m,5,256,step256,70426624,6,8,53,5,3,0.0028875472489744425,0.0,20412.19921875
EleutherAI/pythia-70m,5,256,step256,70426624,6,8,53,5,4,0.008283114060759544,0.0,20412.19921875
EleutherAI/pythia-70m,5,256,step256,70426624,6,8,53,5,5,0.005809885915368795,0.0,20412.19921875
EleutherAI/pythia-70m,5,256,step256,70426624,6,8,53,5,6,0.00809889193624258,0.0,20412.19921875
EleutherAI/pythia-70m,5,256,step256,70426624,6,8,53,5,7,0.006621350534260273,0.0,20412.19921875
EleutherAI/pythia-70m,5,256,step256,70426624,6,8,54,0,0,0.014720303937792778,0.0,28244.5390625
EleutherAI/pythia-70m,5,256,step256,70426624,6,8,54,0,1,0.014043698087334633,0.0,28244.5390625
EleutherAI/pythia-70m,5,256,step256,70426624,6,8,54,0,2,0.01425444707274437,0.0,28244.5390625
EleutherAI/pythia-70m,5,256,step256,70426624,6,8,54,0,3,0.013195326551795006,0.0,28244.5390625
EleutherAI/pythia-70m,5,256,step256,70426624,6,8,54,0,4,0.013384410180151463,0.0,28244.5390625
EleutherAI/pythia-70m,5,256,step256,70426624,6,8,54,0,5,0.012729496695101261,0.0,28244.5390625
EleutherAI/pythia-70m,5,256,step256,70426624,6,8,54,0,6,0.014258196577429771,0.0,28244.5390625
EleutherAI/pythia-70m,5,256,step256,70426624,6,8,54,0,7,0.01350268255919218,0.0,28244.5390625
EleutherAI/pythia-70m,5,256,step256,70426624,6,8,54,1,0,0.010788841173052788,0.0,28244.5390625
EleutherAI/pythia-70m,5,256,step256,70426624,6,8,54,1,1,0.009316617622971535,0.0,28244.5390625
EleutherAI/pythia-70m,5,256,step256,70426624,6,8,54,1,2,0.010057887062430382,0.0,28244.5390625
EleutherAI/pythia-70m,5,256,step256,70426624,6,8,54,1,3,0.013229100964963436,0.0,28244.5390625
EleutherAI/pythia-70m,5,256,step256,70426624,6,8,54,1,4,0.009352285414934158,0.0,28244.5390625
EleutherAI/pythia-70m,5,256,step256,70426624,6,8,54,1,5,0.008075238205492496,0.0,28244.5390625
EleutherAI/pythia-70m,5,256,step256,70426624,6,8,54,1,6,0.010142214596271515,0.0,28244.5390625
EleutherAI/pythia-70m,5,256,step256,70426624,6,8,54,1,7,0.011592084541916847,0.0,28244.5390625
EleutherAI/pythia-70m,5,256,step256,70426624,6,8,54,2,0,0.005950919818133116,0.0,28244.5390625
EleutherAI/pythia-70m,5,256,step256,70426624,6,8,54,2,1,0.004476713482290506,0.0,28244.5390625
EleutherAI/pythia-70m,5,256,step256,70426624,6,8,54,2,2,0.0020267122890800238,0.0,28244.5390625
EleutherAI/pythia-70m,5,256,step256,70426624,6,8,54,2,3,0.0076682413928210735,0.0,28244.5390625
EleutherAI/pythia-70m,5,256,step256,70426624,6,8,54,2,4,0.014597450383007526,0.0,28244.5390625
EleutherAI/pythia-70m,5,256,step256,70426624,6,8,54,2,5,0.008511127904057503,0.0,28244.5390625
EleutherAI/pythia-70m,5,256,step256,70426624,6,8,54,2,6,0.0041181351989507675,0.0,28244.5390625
EleutherAI/pythia-70m,5,256,step256,70426624,6,8,54,2,7,0.005815226584672928,0.0,28244.5390625
EleutherAI/pythia-70m,5,256,step256,70426624,6,8,54,3,0,0.00281016924418509,0.0,28244.5390625
EleutherAI/pythia-70m,5,256,step256,70426624,6,8,54,3,1,0.003250161185860634,0.0,28244.5390625
EleutherAI/pythia-70m,5,256,step256,70426624,6,8,54,3,2,0.005738665349781513,0.0,28244.5390625
EleutherAI/pythia-70m,5,256,step256,70426624,6,8,54,3,3,0.003362352028489113,0.0,28244.5390625
EleutherAI/pythia-70m,5,256,step256,70426624,6,8,54,3,4,0.005984075833112001,0.0,28244.5390625
EleutherAI/pythia-70m,5,256,step256,70426624,6,8,54,3,5,0.0025296565145254135,0.0,28244.5390625
EleutherAI/pythia-70m,5,256,step256,70426624,6,8,54,3,6,0.002667817985638976,0.0,28244.5390625
EleutherAI/pythia-70m,5,256,step256,70426624,6,8,54,3,7,0.018955523148179054,0.0,28244.5390625
EleutherAI/pythia-70m,5,256,step256,70426624,6,8,54,4,0,0.0017505299765616655,0.0,28244.5390625
EleutherAI/pythia-70m,5,256,step256,70426624,6,8,54,4,1,0.0030249846167862415,0.0,28244.5390625
EleutherAI/pythia-70m,5,256,step256,70426624,6,8,54,4,2,0.011289579793810844,0.0,28244.5390625
EleutherAI/pythia-70m,5,256,step256,70426624,6,8,54,4,3,0.01407668087631464,0.0,28244.5390625
EleutherAI/pythia-70m,5,256,step256,70426624,6,8,54,4,4,0.013733558356761932,0.0,28244.5390625
EleutherAI/pythia-70m,5,256,step256,70426624,6,8,54,4,5,0.00518228393048048,0.0,28244.5390625
EleutherAI/pythia-70m,5,256,step256,70426624,6,8,54,4,6,0.003989791497588158,0.0,28244.5390625
EleutherAI/pythia-70m,5,256,step256,70426624,6,8,54,4,7,0.006066863425076008,0.0,28244.5390625
EleutherAI/pythia-70m,5,256,step256,70426624,6,8,54,5,0,0.010402197949588299,0.0,28244.5390625
EleutherAI/pythia-70m,5,256,step256,70426624,6,8,54,5,1,0.005026542115956545,0.0,28244.5390625
EleutherAI/pythia-70m,5,256,step256,70426624,6,8,54,5,2,0.0112568698823452,0.0,28244.5390625
EleutherAI/pythia-70m,5,256,step256,70426624,6,8,54,5,3,0.0023494940251111984,0.0,28244.5390625
EleutherAI/pythia-70m,5,256,step256,70426624,6,8,54,5,4,0.006245726719498634,0.0,28244.5390625
EleutherAI/pythia-70m,5,256,step256,70426624,6,8,54,5,5,0.004319728352129459,0.0,28244.5390625
EleutherAI/pythia-70m,5,256,step256,70426624,6,8,54,5,6,0.004400055855512619,0.0,28244.5390625
EleutherAI/pythia-70m,5,256,step256,70426624,6,8,54,5,7,0.0045326934196054935,0.0,28244.5390625
EleutherAI/pythia-70m,5,256,step256,70426624,6,8,55,0,0,0.014406759291887283,0.0,24362.140625
EleutherAI/pythia-70m,5,256,step256,70426624,6,8,55,0,1,0.014868480153381824,0.0,24362.140625
EleutherAI/pythia-70m,5,256,step256,70426624,6,8,55,0,2,0.013330562971532345,0.0,24362.140625
EleutherAI/pythia-70m,5,256,step256,70426624,6,8,55,0,3,0.011730305850505829,0.0,24362.140625
EleutherAI/pythia-70m,5,256,step256,70426624,6,8,55,0,4,0.012701406143605709,0.0,24362.140625
EleutherAI/pythia-70m,5,256,step256,70426624,6,8,55,0,5,0.014514568261802197,0.0,24362.140625
EleutherAI/pythia-70m,5,256,step256,70426624,6,8,55,0,6,0.01396045833826065,0.0,24362.140625
EleutherAI/pythia-70m,5,256,step256,70426624,6,8,55,0,7,0.013649786822497845,0.0,24362.140625
EleutherAI/pythia-70m,5,256,step256,70426624,6,8,55,1,0,0.007414034567773342,0.0,24362.140625
EleutherAI/pythia-70m,5,256,step256,70426624,6,8,55,1,1,0.009438960812985897,0.0,24362.140625
EleutherAI/pythia-70m,5,256,step256,70426624,6,8,55,1,2,0.010911127552390099,0.0,24362.140625
EleutherAI/pythia-70m,5,256,step256,70426624,6,8,55,1,3,0.013099747709929943,0.0,24362.140625
EleutherAI/pythia-70m,5,256,step256,70426624,6,8,55,1,4,0.010474535636603832,0.0,24362.140625
EleutherAI/pythia-70m,5,256,step256,70426624,6,8,55,1,5,0.00864737294614315,0.0,24362.140625
EleutherAI/pythia-70m,5,256,step256,70426624,6,8,55,1,6,0.008919689804315567,0.0,24362.140625
EleutherAI/pythia-70m,5,256,step256,70426624,6,8,55,1,7,0.011269084177911282,0.0,24362.140625
EleutherAI/pythia-70m,5,256,step256,70426624,6,8,55,2,0,0.005922054871916771,0.0,24362.140625
EleutherAI/pythia-70m,5,256,step256,70426624,6,8,55,2,1,0.008681651204824448,0.0,24362.140625
EleutherAI/pythia-70m,5,256,step256,70426624,6,8,55,2,2,0.002622585278004408,0.0,24362.140625
EleutherAI/pythia-70m,5,256,step256,70426624,6,8,55,2,3,0.007093829568475485,0.0,24362.140625
EleutherAI/pythia-70m,5,256,step256,70426624,6,8,55,2,4,0.009380336850881577,0.0,24362.140625
EleutherAI/pythia-70m,5,256,step256,70426624,6,8,55,2,5,0.0075920699164271355,0.0,24362.140625
EleutherAI/pythia-70m,5,256,step256,70426624,6,8,55,2,6,0.0040871091187000275,0.0,24362.140625
EleutherAI/pythia-70m,5,256,step256,70426624,6,8,55,2,7,0.007390487939119339,0.0,24362.140625
EleutherAI/pythia-70m,5,256,step256,70426624,6,8,55,3,0,0.0026220036670565605,0.0,24362.140625
EleutherAI/pythia-70m,5,256,step256,70426624,6,8,55,3,1,0.004345304798334837,0.0,24362.140625
EleutherAI/pythia-70m,5,256,step256,70426624,6,8,55,3,2,0.005168963223695755,0.0,24362.140625
EleutherAI/pythia-70m,5,256,step256,70426624,6,8,55,3,3,0.0020582028664648533,0.0,24362.140625
EleutherAI/pythia-70m,5,256,step256,70426624,6,8,55,3,4,0.006845550611615181,0.0,24362.140625
EleutherAI/pythia-70m,5,256,step256,70426624,6,8,55,3,5,0.003629192942753434,0.0,24362.140625
EleutherAI/pythia-70m,5,256,step256,70426624,6,8,55,3,6,0.002049447502940893,0.0,24362.140625
EleutherAI/pythia-70m,5,256,step256,70426624,6,8,55,3,7,0.008622327819466591,0.0,24362.140625
EleutherAI/pythia-70m,5,256,step256,70426624,6,8,55,4,0,0.0022614826448261738,0.0,24362.140625
EleutherAI/pythia-70m,5,256,step256,70426624,6,8,55,4,1,0.0071428208611905575,0.0,24362.140625
EleutherAI/pythia-70m,5,256,step256,70426624,6,8,55,4,2,0.00871247984468937,0.0,24362.140625
EleutherAI/pythia-70m,5,256,step256,70426624,6,8,55,4,3,0.01666327752172947,0.0,24362.140625
EleutherAI/pythia-70m,5,256,step256,70426624,6,8,55,4,4,0.010333959013223648,0.0,24362.140625
EleutherAI/pythia-70m,5,256,step256,70426624,6,8,55,4,5,0.004137936048209667,0.0,24362.140625
EleutherAI/pythia-70m,5,256,step256,70426624,6,8,55,4,6,0.004036278929561377,0.0,24362.140625
EleutherAI/pythia-70m,5,256,step256,70426624,6,8,55,4,7,0.0058097452856600285,0.0,24362.140625
EleutherAI/pythia-70m,5,256,step256,70426624,6,8,55,5,0,0.008006828837096691,0.0,24362.140625
EleutherAI/pythia-70m,5,256,step256,70426624,6,8,55,5,1,0.006181497126817703,0.0,24362.140625
EleutherAI/pythia-70m,5,256,step256,70426624,6,8,55,5,2,0.009431661106646061,0.0,24362.140625
EleutherAI/pythia-70m,5,256,step256,70426624,6,8,55,5,3,0.0023373649455606937,0.0,24362.140625
EleutherAI/pythia-70m,5,256,step256,70426624,6,8,55,5,4,0.006737591233104467,0.0,24362.140625
EleutherAI/pythia-70m,5,256,step256,70426624,6,8,55,5,5,0.004860792774707079,0.0,24362.140625
EleutherAI/pythia-70m,5,256,step256,70426624,6,8,55,5,6,0.006184943486005068,0.0,24362.140625
EleutherAI/pythia-70m,5,256,step256,70426624,6,8,55,5,7,0.004598662722855806,0.0,24362.140625
EleutherAI/pythia-70m,5,256,step256,70426624,6,8,56,0,0,0.014662585221230984,0.0,25475.720703125
EleutherAI/pythia-70m,5,256,step256,70426624,6,8,56,0,1,0.013936705887317657,0.0,25475.720703125
EleutherAI/pythia-70m,5,256,step256,70426624,6,8,56,0,2,0.012541280128061771,0.0,25475.720703125
EleutherAI/pythia-70m,5,256,step256,70426624,6,8,56,0,3,0.014039883390069008,0.0,25475.720703125
EleutherAI/pythia-70m,5,256,step256,70426624,6,8,56,0,4,0.013869213871657848,0.0,25475.720703125
EleutherAI/pythia-70m,5,256,step256,70426624,6,8,56,0,5,0.0136292465031147,0.0,25475.720703125
EleutherAI/pythia-70m,5,256,step256,70426624,6,8,56,0,6,0.015019161626696587,0.0,25475.720703125
EleutherAI/pythia-70m,5,256,step256,70426624,6,8,56,0,7,0.012369144707918167,0.0,25475.720703125
EleutherAI/pythia-70m,5,256,step256,70426624,6,8,56,1,0,0.0077400230802595615,0.0,25475.720703125
EleutherAI/pythia-70m,5,256,step256,70426624,6,8,56,1,1,0.008477980270981789,0.0,25475.720703125
EleutherAI/pythia-70m,5,256,step256,70426624,6,8,56,1,2,0.010890264064073563,0.0,25475.720703125
EleutherAI/pythia-70m,5,256,step256,70426624,6,8,56,1,3,0.010747010819613934,0.0,25475.720703125
EleutherAI/pythia-70m,5,256,step256,70426624,6,8,56,1,4,0.009677877649664879,0.0,25475.720703125
EleutherAI/pythia-70m,5,256,step256,70426624,6,8,56,1,5,0.007133195176720619,0.0,25475.720703125
EleutherAI/pythia-70m,5,256,step256,70426624,6,8,56,1,6,0.009813220240175724,0.0,25475.720703125
EleutherAI/pythia-70m,5,256,step256,70426624,6,8,56,1,7,0.010434398427605629,0.0,25475.720703125
EleutherAI/pythia-70m,5,256,step256,70426624,6,8,56,2,0,0.0076642828062176704,0.0,25475.720703125
EleutherAI/pythia-70m,5,256,step256,70426624,6,8,56,2,1,0.007673509884625673,0.0,25475.720703125
EleutherAI/pythia-70m,5,256,step256,70426624,6,8,56,2,2,0.002332233591005206,0.0,25475.720703125
EleutherAI/pythia-70m,5,256,step256,70426624,6,8,56,2,3,0.0070640952326357365,0.0,25475.720703125
EleutherAI/pythia-70m,5,256,step256,70426624,6,8,56,2,4,0.008906131610274315,0.0,25475.720703125
EleutherAI/pythia-70m,5,256,step256,70426624,6,8,56,2,5,0.004261156544089317,0.0,25475.720703125
EleutherAI/pythia-70m,5,256,step256,70426624,6,8,56,2,6,0.00378309260122478,0.0,25475.720703125
EleutherAI/pythia-70m,5,256,step256,70426624,6,8,56,2,7,0.008952219039201736,0.0,25475.720703125
EleutherAI/pythia-70m,5,256,step256,70426624,6,8,56,3,0,0.0030424022115767,0.0,25475.720703125
EleutherAI/pythia-70m,5,256,step256,70426624,6,8,56,3,1,0.003476557321846485,0.0,25475.720703125
EleutherAI/pythia-70m,5,256,step256,70426624,6,8,56,3,2,0.004102887120097876,0.0,25475.720703125
EleutherAI/pythia-70m,5,256,step256,70426624,6,8,56,3,3,0.0021850657649338245,0.0,25475.720703125
EleutherAI/pythia-70m,5,256,step256,70426624,6,8,56,3,4,0.00619115075096488,0.0,25475.720703125
EleutherAI/pythia-70m,5,256,step256,70426624,6,8,56,3,5,0.0029602942522615194,0.0,25475.720703125
EleutherAI/pythia-70m,5,256,step256,70426624,6,8,56,3,6,0.0015734625048935413,0.0,25475.720703125
EleutherAI/pythia-70m,5,256,step256,70426624,6,8,56,3,7,0.012682249769568443,0.0,25475.720703125
EleutherAI/pythia-70m,5,256,step256,70426624,6,8,56,4,0,0.0019082108046859503,0.0,25475.720703125
EleutherAI/pythia-70m,5,256,step256,70426624,6,8,56,4,1,0.004122845828533173,0.0,25475.720703125
EleutherAI/pythia-70m,5,256,step256,70426624,6,8,56,4,2,0.010530496016144753,0.0,25475.720703125
EleutherAI/pythia-70m,5,256,step256,70426624,6,8,56,4,3,0.013287612237036228,0.0,25475.720703125
EleutherAI/pythia-70m,5,256,step256,70426624,6,8,56,4,4,0.009799893945455551,0.0,25475.720703125
EleutherAI/pythia-70m,5,256,step256,70426624,6,8,56,4,5,0.002880567219108343,0.0,25475.720703125
EleutherAI/pythia-70m,5,256,step256,70426624,6,8,56,4,6,0.0017460184171795845,0.0,25475.720703125
EleutherAI/pythia-70m,5,256,step256,70426624,6,8,56,4,7,0.00456515746191144,0.0,25475.720703125
EleutherAI/pythia-70m,5,256,step256,70426624,6,8,56,5,0,0.005669016856700182,0.0,25475.720703125
EleutherAI/pythia-70m,5,256,step256,70426624,6,8,56,5,1,0.003670382546260953,0.0,25475.720703125
EleutherAI/pythia-70m,5,256,step256,70426624,6,8,56,5,2,0.010222376324236393,0.0,25475.720703125
EleutherAI/pythia-70m,5,256,step256,70426624,6,8,56,5,3,0.000890790659468621,0.0,25475.720703125
EleutherAI/pythia-70m,5,256,step256,70426624,6,8,56,5,4,0.006917022634297609,0.0,25475.720703125
EleutherAI/pythia-70m,5,256,step256,70426624,6,8,56,5,5,0.0034589210990816355,0.0,25475.720703125
EleutherAI/pythia-70m,5,256,step256,70426624,6,8,56,5,6,0.004862019792199135,0.0,25475.720703125
EleutherAI/pythia-70m,5,256,step256,70426624,6,8,56,5,7,0.003832439426332712,0.0,25475.720703125
EleutherAI/pythia-70m,5,256,step256,70426624,6,8,57,0,0,0.013257050886750221,0.0,27973.48046875
EleutherAI/pythia-70m,5,256,step256,70426624,6,8,57,0,1,0.013626334257423878,0.0,27973.48046875
EleutherAI/pythia-70m,5,256,step256,70426624,6,8,57,0,2,0.01430660579353571,0.0,27973.48046875
EleutherAI/pythia-70m,5,256,step256,70426624,6,8,57,0,3,0.0127912238240242,0.0,27973.48046875
EleutherAI/pythia-70m,5,256,step256,70426624,6,8,57,0,4,0.012154500931501389,0.0,27973.48046875
EleutherAI/pythia-70m,5,256,step256,70426624,6,8,57,0,5,0.013276948593556881,0.0,27973.48046875
EleutherAI/pythia-70m,5,256,step256,70426624,6,8,57,0,6,0.01607416942715645,0.0,27973.48046875
EleutherAI/pythia-70m,5,256,step256,70426624,6,8,57,0,7,0.013673093169927597,0.0,27973.48046875
EleutherAI/pythia-70m,5,256,step256,70426624,6,8,57,1,0,0.008225684985518456,0.0,27973.48046875
EleutherAI/pythia-70m,5,256,step256,70426624,6,8,57,1,1,0.008775223046541214,0.0,27973.48046875
EleutherAI/pythia-70m,5,256,step256,70426624,6,8,57,1,2,0.009741387329995632,0.0,27973.48046875
EleutherAI/pythia-70m,5,256,step256,70426624,6,8,57,1,3,0.01189567893743515,0.0,27973.48046875
EleutherAI/pythia-70m,5,256,step256,70426624,6,8,57,1,4,0.009009277448058128,0.0,27973.48046875
EleutherAI/pythia-70m,5,256,step256,70426624,6,8,57,1,5,0.006381354760378599,0.0,27973.48046875
EleutherAI/pythia-70m,5,256,step256,70426624,6,8,57,1,6,0.009111923165619373,0.0,27973.48046875
EleutherAI/pythia-70m,5,256,step256,70426624,6,8,57,1,7,0.011105934157967567,0.0,27973.48046875
EleutherAI/pythia-70m,5,256,step256,70426624,6,8,57,2,0,0.007470563054084778,0.0,27973.48046875
EleutherAI/pythia-70m,5,256,step256,70426624,6,8,57,2,1,0.007129603996872902,0.0,27973.48046875
EleutherAI/pythia-70m,5,256,step256,70426624,6,8,57,2,2,0.002950656693428755,0.0,27973.48046875
EleutherAI/pythia-70m,5,256,step256,70426624,6,8,57,2,3,0.006562400609254837,0.0,27973.48046875
EleutherAI/pythia-70m,5,256,step256,70426624,6,8,57,2,4,0.010461036115884781,0.0,27973.48046875
EleutherAI/pythia-70m,5,256,step256,70426624,6,8,57,2,5,0.004614350385963917,0.0,27973.48046875
EleutherAI/pythia-70m,5,256,step256,70426624,6,8,57,2,6,0.004993822425603867,0.0,27973.48046875
EleutherAI/pythia-70m,5,256,step256,70426624,6,8,57,2,7,0.006632359232753515,0.0,27973.48046875
EleutherAI/pythia-70m,5,256,step256,70426624,6,8,57,3,0,0.0030778246000409126,0.0,27973.48046875
EleutherAI/pythia-70m,5,256,step256,70426624,6,8,57,3,1,0.0033806648571044207,0.0,27973.48046875
EleutherAI/pythia-70m,5,256,step256,70426624,6,8,57,3,2,0.006644727662205696,0.0,27973.48046875
EleutherAI/pythia-70m,5,256,step256,70426624,6,8,57,3,3,0.0021230902057141066,0.0,27973.48046875
EleutherAI/pythia-70m,5,256,step256,70426624,6,8,57,3,4,0.008458343334496021,0.0,27973.48046875
EleutherAI/pythia-70m,5,256,step256,70426624,6,8,57,3,5,0.0028410854283720255,0.0,27973.48046875
EleutherAI/pythia-70m,5,256,step256,70426624,6,8,57,3,6,0.0027653926517814398,0.0,27973.48046875
EleutherAI/pythia-70m,5,256,step256,70426624,6,8,57,3,7,0.01335227582603693,0.0,27973.48046875
EleutherAI/pythia-70m,5,256,step256,70426624,6,8,57,4,0,0.003380940295755863,0.0,27973.48046875
EleutherAI/pythia-70m,5,256,step256,70426624,6,8,57,4,1,0.005537167191505432,0.0,27973.48046875
EleutherAI/pythia-70m,5,256,step256,70426624,6,8,57,4,2,0.008482834324240685,0.0,27973.48046875
EleutherAI/pythia-70m,5,256,step256,70426624,6,8,57,4,3,0.013541783206164837,0.0,27973.48046875
EleutherAI/pythia-70m,5,256,step256,70426624,6,8,57,4,4,0.009407403878867626,0.0,27973.48046875
EleutherAI/pythia-70m,5,256,step256,70426624,6,8,57,4,5,0.006369894370436668,0.0,27973.48046875
EleutherAI/pythia-70m,5,256,step256,70426624,6,8,57,4,6,0.0037224667612463236,0.0,27973.48046875
EleutherAI/pythia-70m,5,256,step256,70426624,6,8,57,4,7,0.0059853168204426765,0.0,27973.48046875
EleutherAI/pythia-70m,5,256,step256,70426624,6,8,57,5,0,0.009447921067476273,0.0,27973.48046875
EleutherAI/pythia-70m,5,256,step256,70426624,6,8,57,5,1,0.006108409259468317,0.0,27973.48046875
EleutherAI/pythia-70m,5,256,step256,70426624,6,8,57,5,2,0.012268365360796452,0.0,27973.48046875
EleutherAI/pythia-70m,5,256,step256,70426624,6,8,57,5,3,0.002486304845660925,0.0,27973.48046875
EleutherAI/pythia-70m,5,256,step256,70426624,6,8,57,5,4,0.009097078815102577,0.0,27973.48046875
EleutherAI/pythia-70m,5,256,step256,70426624,6,8,57,5,5,0.005482889246195555,0.0,27973.48046875
EleutherAI/pythia-70m,5,256,step256,70426624,6,8,57,5,6,0.007245644461363554,0.0,27973.48046875
EleutherAI/pythia-70m,5,256,step256,70426624,6,8,57,5,7,0.005343415774405003,0.0,27973.48046875
EleutherAI/pythia-70m,5,256,step256,70426624,6,8,58,0,0,0.014547345228493214,0.0,19861.279296875
EleutherAI/pythia-70m,5,256,step256,70426624,6,8,58,0,1,0.013850633054971695,0.0,19861.279296875
EleutherAI/pythia-70m,5,256,step256,70426624,6,8,58,0,2,0.013446292839944363,0.0,19861.279296875
EleutherAI/pythia-70m,5,256,step256,70426624,6,8,58,0,3,0.013787943869829178,0.0,19861.279296875
EleutherAI/pythia-70m,5,256,step256,70426624,6,8,58,0,4,0.013015283271670341,0.0,19861.279296875
EleutherAI/pythia-70m,5,256,step256,70426624,6,8,58,0,5,0.013045993633568287,0.0,19861.279296875
EleutherAI/pythia-70m,5,256,step256,70426624,6,8,58,0,6,0.013620897196233273,0.0,19861.279296875
EleutherAI/pythia-70m,5,256,step256,70426624,6,8,58,0,7,0.013119786977767944,0.0,19861.279296875
EleutherAI/pythia-70m,5,256,step256,70426624,6,8,58,1,0,0.007778597064316273,0.0,19861.279296875
EleutherAI/pythia-70m,5,256,step256,70426624,6,8,58,1,1,0.00918813981115818,0.0,19861.279296875
EleutherAI/pythia-70m,5,256,step256,70426624,6,8,58,1,2,0.010462906211614609,0.0,19861.279296875
EleutherAI/pythia-70m,5,256,step256,70426624,6,8,58,1,3,0.01237406488507986,0.0,19861.279296875
EleutherAI/pythia-70m,5,256,step256,70426624,6,8,58,1,4,0.010829129256308079,0.0,19861.279296875
EleutherAI/pythia-70m,5,256,step256,70426624,6,8,58,1,5,0.009178782813251019,0.0,19861.279296875
EleutherAI/pythia-70m,5,256,step256,70426624,6,8,58,1,6,0.010825496166944504,0.0,19861.279296875
EleutherAI/pythia-70m,5,256,step256,70426624,6,8,58,1,7,0.010622004047036171,0.0,19861.279296875
EleutherAI/pythia-70m,5,256,step256,70426624,6,8,58,2,0,0.008657709695398808,0.0,19861.279296875
EleutherAI/pythia-70m,5,256,step256,70426624,6,8,58,2,1,0.0074289655312895775,0.0,19861.279296875
EleutherAI/pythia-70m,5,256,step256,70426624,6,8,58,2,2,0.004410511814057827,0.0,19861.279296875
EleutherAI/pythia-70m,5,256,step256,70426624,6,8,58,2,3,0.0065806591883301735,0.0,19861.279296875
EleutherAI/pythia-70m,5,256,step256,70426624,6,8,58,2,4,0.018012354150414467,0.0,19861.279296875
EleutherAI/pythia-70m,5,256,step256,70426624,6,8,58,2,5,0.006125830579549074,0.0,19861.279296875
EleutherAI/pythia-70m,5,256,step256,70426624,6,8,58,2,6,0.004975362680852413,0.0,19861.279296875
EleutherAI/pythia-70m,5,256,step256,70426624,6,8,58,2,7,0.0077324919402599335,0.0,19861.279296875
EleutherAI/pythia-70m,5,256,step256,70426624,6,8,58,3,0,0.0030825375579297543,0.0,19861.279296875
EleutherAI/pythia-70m,5,256,step256,70426624,6,8,58,3,1,0.0038845583330839872,0.0,19861.279296875
EleutherAI/pythia-70m,5,256,step256,70426624,6,8,58,3,2,0.005127494223415852,0.0,19861.279296875
EleutherAI/pythia-70m,5,256,step256,70426624,6,8,58,3,3,0.0019151143496856093,0.0,19861.279296875
EleutherAI/pythia-70m,5,256,step256,70426624,6,8,58,3,4,0.005169176496565342,0.0,19861.279296875
EleutherAI/pythia-70m,5,256,step256,70426624,6,8,58,3,5,0.003770963056012988,0.0,19861.279296875
EleutherAI/pythia-70m,5,256,step256,70426624,6,8,58,3,6,0.0021775912027806044,0.0,19861.279296875
EleutherAI/pythia-70m,5,256,step256,70426624,6,8,58,3,7,0.010098261758685112,0.0,19861.279296875
EleutherAI/pythia-70m,5,256,step256,70426624,6,8,58,4,0,0.0017283882480114698,0.0,19861.279296875
EleutherAI/pythia-70m,5,256,step256,70426624,6,8,58,4,1,0.008021603338420391,0.0,19861.279296875
EleutherAI/pythia-70m,5,256,step256,70426624,6,8,58,4,2,0.00839026365429163,0.0,19861.279296875
EleutherAI/pythia-70m,5,256,step256,70426624,6,8,58,4,3,0.01525056827813387,0.0,19861.279296875
EleutherAI/pythia-70m,5,256,step256,70426624,6,8,58,4,4,0.009333521127700806,0.0,19861.279296875
EleutherAI/pythia-70m,5,256,step256,70426624,6,8,58,4,5,0.003355529624968767,0.0,19861.279296875
EleutherAI/pythia-70m,5,256,step256,70426624,6,8,58,4,6,0.0028864042833447456,0.0,19861.279296875
EleutherAI/pythia-70m,5,256,step256,70426624,6,8,58,4,7,0.0053634000942111015,0.0,19861.279296875
EleutherAI/pythia-70m,5,256,step256,70426624,6,8,58,5,0,0.006962107960134745,0.0,19861.279296875
EleutherAI/pythia-70m,5,256,step256,70426624,6,8,58,5,1,0.006636211648583412,0.0,19861.279296875
EleutherAI/pythia-70m,5,256,step256,70426624,6,8,58,5,2,0.010756037198007107,0.0,19861.279296875
EleutherAI/pythia-70m,5,256,step256,70426624,6,8,58,5,3,0.0031402783934026957,0.0,19861.279296875
EleutherAI/pythia-70m,5,256,step256,70426624,6,8,58,5,4,0.005209186114370823,0.0,19861.279296875
EleutherAI/pythia-70m,5,256,step256,70426624,6,8,58,5,5,0.006820566486567259,0.0,19861.279296875
EleutherAI/pythia-70m,5,256,step256,70426624,6,8,58,5,6,0.00863505620509386,0.0,19861.279296875
EleutherAI/pythia-70m,5,256,step256,70426624,6,8,58,5,7,0.006556753534823656,0.0,19861.279296875
EleutherAI/pythia-70m,5,256,step256,70426624,6,8,59,0,0,0.012436541728675365,0.0,25581.939453125
EleutherAI/pythia-70m,5,256,step256,70426624,6,8,59,0,1,0.013633053749799728,0.0,25581.939453125
EleutherAI/pythia-70m,5,256,step256,70426624,6,8,59,0,2,0.013851863332092762,0.0,25581.939453125
EleutherAI/pythia-70m,5,256,step256,70426624,6,8,59,0,3,0.014379129745066166,0.0,25581.939453125
EleutherAI/pythia-70m,5,256,step256,70426624,6,8,59,0,4,0.015349400229752064,0.0,25581.939453125
EleutherAI/pythia-70m,5,256,step256,70426624,6,8,59,0,5,0.013809782452881336,0.0,25581.939453125
EleutherAI/pythia-70m,5,256,step256,70426624,6,8,59,0,6,0.013945669867098331,0.0,25581.939453125
EleutherAI/pythia-70m,5,256,step256,70426624,6,8,59,0,7,0.011647718027234077,0.0,25581.939453125
EleutherAI/pythia-70m,5,256,step256,70426624,6,8,59,1,0,0.006757813505828381,0.0,25581.939453125
EleutherAI/pythia-70m,5,256,step256,70426624,6,8,59,1,1,0.009253958240151405,0.0,25581.939453125
EleutherAI/pythia-70m,5,256,step256,70426624,6,8,59,1,2,0.00928589329123497,0.0,25581.939453125
EleutherAI/pythia-70m,5,256,step256,70426624,6,8,59,1,3,0.012361411936581135,0.0,25581.939453125
EleutherAI/pythia-70m,5,256,step256,70426624,6,8,59,1,4,0.009602713398635387,0.0,25581.939453125
EleutherAI/pythia-70m,5,256,step256,70426624,6,8,59,1,5,0.007931441999971867,0.0,25581.939453125
EleutherAI/pythia-70m,5,256,step256,70426624,6,8,59,1,6,0.01233267318457365,0.0,25581.939453125
EleutherAI/pythia-70m,5,256,step256,70426624,6,8,59,1,7,0.011226769536733627,0.0,25581.939453125
EleutherAI/pythia-70m,5,256,step256,70426624,6,8,59,2,0,0.00726669654250145,0.0,25581.939453125
EleutherAI/pythia-70m,5,256,step256,70426624,6,8,59,2,1,0.006266122683882713,0.0,25581.939453125
EleutherAI/pythia-70m,5,256,step256,70426624,6,8,59,2,2,0.0030550267547369003,0.0,25581.939453125
EleutherAI/pythia-70m,5,256,step256,70426624,6,8,59,2,3,0.005991382524371147,0.0,25581.939453125
EleutherAI/pythia-70m,5,256,step256,70426624,6,8,59,2,4,0.01083302590996027,0.0,25581.939453125
EleutherAI/pythia-70m,5,256,step256,70426624,6,8,59,2,5,0.0040363166481256485,0.0,25581.939453125
EleutherAI/pythia-70m,5,256,step256,70426624,6,8,59,2,6,0.0031838819850236177,0.0,25581.939453125
EleutherAI/pythia-70m,5,256,step256,70426624,6,8,59,2,7,0.00620092311874032,0.0,25581.939453125
EleutherAI/pythia-70m,5,256,step256,70426624,6,8,59,3,0,0.0023540330585092306,0.0,25581.939453125
EleutherAI/pythia-70m,5,256,step256,70426624,6,8,59,3,1,0.003465979127213359,0.0,25581.939453125
EleutherAI/pythia-70m,5,256,step256,70426624,6,8,59,3,2,0.006318364758044481,0.0,25581.939453125
EleutherAI/pythia-70m,5,256,step256,70426624,6,8,59,3,3,0.00212284573353827,0.0,25581.939453125
EleutherAI/pythia-70m,5,256,step256,70426624,6,8,59,3,4,0.008345166221261024,0.0,25581.939453125
EleutherAI/pythia-70m,5,256,step256,70426624,6,8,59,3,5,0.0031796616967767477,0.0,25581.939453125
EleutherAI/pythia-70m,5,256,step256,70426624,6,8,59,3,6,0.002729105995967984,0.0,25581.939453125
EleutherAI/pythia-70m,5,256,step256,70426624,6,8,59,3,7,0.012334172613918781,0.0,25581.939453125
EleutherAI/pythia-70m,5,256,step256,70426624,6,8,59,4,0,0.002431408269330859,0.0,25581.939453125
EleutherAI/pythia-70m,5,256,step256,70426624,6,8,59,4,1,0.005205107852816582,0.0,25581.939453125
EleutherAI/pythia-70m,5,256,step256,70426624,6,8,59,4,2,0.01053686998784542,0.0,25581.939453125
EleutherAI/pythia-70m,5,256,step256,70426624,6,8,59,4,3,0.012690786272287369,0.0,25581.939453125
EleutherAI/pythia-70m,5,256,step256,70426624,6,8,59,4,4,0.012142480351030827,0.0,25581.939453125
EleutherAI/pythia-70m,5,256,step256,70426624,6,8,59,4,5,0.004015619866549969,0.0,25581.939453125
EleutherAI/pythia-70m,5,256,step256,70426624,6,8,59,4,6,0.0026657981798052788,0.0,25581.939453125
EleutherAI/pythia-70m,5,256,step256,70426624,6,8,59,4,7,0.007378593552857637,0.0,25581.939453125
EleutherAI/pythia-70m,5,256,step256,70426624,6,8,59,5,0,0.00788620114326477,0.0,25581.939453125
EleutherAI/pythia-70m,5,256,step256,70426624,6,8,59,5,1,0.00696688424795866,0.0,25581.939453125
EleutherAI/pythia-70m,5,256,step256,70426624,6,8,59,5,2,0.01238500326871872,0.0,25581.939453125
EleutherAI/pythia-70m,5,256,step256,70426624,6,8,59,5,3,0.0029570823535323143,0.0,25581.939453125
EleutherAI/pythia-70m,5,256,step256,70426624,6,8,59,5,4,0.006930019706487656,0.0,25581.939453125
EleutherAI/pythia-70m,5,256,step256,70426624,6,8,59,5,5,0.004809868521988392,0.0,25581.939453125
EleutherAI/pythia-70m,5,256,step256,70426624,6,8,59,5,6,0.005613735876977444,0.0,25581.939453125
EleutherAI/pythia-70m,5,256,step256,70426624,6,8,59,5,7,0.005935999099165201,0.0,25581.939453125
EleutherAI/pythia-70m,5,256,step256,70426624,6,8,60,0,0,0.01474824920296669,0.0,26911.16015625
EleutherAI/pythia-70m,5,256,step256,70426624,6,8,60,0,1,0.01459803432226181,0.0,26911.16015625
EleutherAI/pythia-70m,5,256,step256,70426624,6,8,60,0,2,0.013593270443379879,0.0,26911.16015625
EleutherAI/pythia-70m,5,256,step256,70426624,6,8,60,0,3,0.0143058393150568,0.0,26911.16015625
EleutherAI/pythia-70m,5,256,step256,70426624,6,8,60,0,4,0.01540736947208643,0.0,26911.16015625
EleutherAI/pythia-70m,5,256,step256,70426624,6,8,60,0,5,0.014229918830096722,0.0,26911.16015625
EleutherAI/pythia-70m,5,256,step256,70426624,6,8,60,0,6,0.012574966065585613,0.0,26911.16015625
EleutherAI/pythia-70m,5,256,step256,70426624,6,8,60,0,7,0.014620881527662277,0.0,26911.16015625
EleutherAI/pythia-70m,5,256,step256,70426624,6,8,60,1,0,0.010363169945776463,0.0,26911.16015625
EleutherAI/pythia-70m,5,256,step256,70426624,6,8,60,1,1,0.009149119257926941,0.0,26911.16015625
EleutherAI/pythia-70m,5,256,step256,70426624,6,8,60,1,2,0.011252419091761112,0.0,26911.16015625
EleutherAI/pythia-70m,5,256,step256,70426624,6,8,60,1,3,0.011494344100356102,0.0,26911.16015625
EleutherAI/pythia-70m,5,256,step256,70426624,6,8,60,1,4,0.010802829638123512,0.0,26911.16015625
EleutherAI/pythia-70m,5,256,step256,70426624,6,8,60,1,5,0.008593898266553879,0.0,26911.16015625
EleutherAI/pythia-70m,5,256,step256,70426624,6,8,60,1,6,0.00988815352320671,0.0,26911.16015625
EleutherAI/pythia-70m,5,256,step256,70426624,6,8,60,1,7,0.01261502131819725,0.0,26911.16015625
EleutherAI/pythia-70m,5,256,step256,70426624,6,8,60,2,0,0.0072009991854429245,0.0,26911.16015625
EleutherAI/pythia-70m,5,256,step256,70426624,6,8,60,2,1,0.00594368577003479,0.0,26911.16015625
EleutherAI/pythia-70m,5,256,step256,70426624,6,8,60,2,2,0.002906910376623273,0.0,26911.16015625
EleutherAI/pythia-70m,5,256,step256,70426624,6,8,60,2,3,0.007926467806100845,0.0,26911.16015625
EleutherAI/pythia-70m,5,256,step256,70426624,6,8,60,2,4,0.011036409996449947,0.0,26911.16015625
EleutherAI/pythia-70m,5,256,step256,70426624,6,8,60,2,5,0.0056023853830993176,0.0,26911.16015625
EleutherAI/pythia-70m,5,256,step256,70426624,6,8,60,2,6,0.008022609166800976,0.0,26911.16015625
EleutherAI/pythia-70m,5,256,step256,70426624,6,8,60,2,7,0.008172348141670227,0.0,26911.16015625
EleutherAI/pythia-70m,5,256,step256,70426624,6,8,60,3,0,0.0027125857304781675,0.0,26911.16015625
EleutherAI/pythia-70m,5,256,step256,70426624,6,8,60,3,1,0.0035396271850913763,0.0,26911.16015625
EleutherAI/pythia-70m,5,256,step256,70426624,6,8,60,3,2,0.0053170109167695045,0.0,26911.16015625
EleutherAI/pythia-70m,5,256,step256,70426624,6,8,60,3,3,0.002042816486209631,0.0,26911.16015625
EleutherAI/pythia-70m,5,256,step256,70426624,6,8,60,3,4,0.006353952921926975,0.0,26911.16015625
EleutherAI/pythia-70m,5,256,step256,70426624,6,8,60,3,5,0.0028958083130419254,0.0,26911.16015625
EleutherAI/pythia-70m,5,256,step256,70426624,6,8,60,3,6,0.0027240507770329714,0.0,26911.16015625
EleutherAI/pythia-70m,5,256,step256,70426624,6,8,60,3,7,0.009957690723240376,0.0,26911.16015625
EleutherAI/pythia-70m,5,256,step256,70426624,6,8,60,4,0,0.002905575092881918,0.0,26911.16015625
EleutherAI/pythia-70m,5,256,step256,70426624,6,8,60,4,1,0.006378420628607273,0.0,26911.16015625
EleutherAI/pythia-70m,5,256,step256,70426624,6,8,60,4,2,0.011501645669341087,0.0,26911.16015625
EleutherAI/pythia-70m,5,256,step256,70426624,6,8,60,4,3,0.015247315168380737,0.0,26911.16015625
EleutherAI/pythia-70m,5,256,step256,70426624,6,8,60,4,4,0.009594709612429142,0.0,26911.16015625
EleutherAI/pythia-70m,5,256,step256,70426624,6,8,60,4,5,0.0025685476139187813,0.0,26911.16015625
EleutherAI/pythia-70m,5,256,step256,70426624,6,8,60,4,6,0.00351366912946105,0.0,26911.16015625
EleutherAI/pythia-70m,5,256,step256,70426624,6,8,60,4,7,0.00629215594381094,0.0,26911.16015625
EleutherAI/pythia-70m,5,256,step256,70426624,6,8,60,5,0,0.006566181313246489,0.0,26911.16015625
EleutherAI/pythia-70m,5,256,step256,70426624,6,8,60,5,1,0.007506262511014938,0.0,26911.16015625
EleutherAI/pythia-70m,5,256,step256,70426624,6,8,60,5,2,0.01087535172700882,0.0,26911.16015625
EleutherAI/pythia-70m,5,256,step256,70426624,6,8,60,5,3,0.002157301642000675,0.0,26911.16015625
EleutherAI/pythia-70m,5,256,step256,70426624,6,8,60,5,4,0.009162142872810364,0.0,26911.16015625
EleutherAI/pythia-70m,5,256,step256,70426624,6,8,60,5,5,0.005503612570464611,0.0,26911.16015625
EleutherAI/pythia-70m,5,256,step256,70426624,6,8,60,5,6,0.007286228705197573,0.0,26911.16015625
EleutherAI/pythia-70m,5,256,step256,70426624,6,8,60,5,7,0.006803473923355341,0.0,26911.16015625
EleutherAI/pythia-70m,5,256,step256,70426624,6,8,61,0,0,0.01431614626199007,0.0,27254.4609375
EleutherAI/pythia-70m,5,256,step256,70426624,6,8,61,0,1,0.015299796126782894,0.0,27254.4609375
EleutherAI/pythia-70m,5,256,step256,70426624,6,8,61,0,2,0.01406839583069086,0.0,27254.4609375
EleutherAI/pythia-70m,5,256,step256,70426624,6,8,61,0,3,0.014648402109742165,0.0,27254.4609375
EleutherAI/pythia-70m,5,256,step256,70426624,6,8,61,0,4,0.012119151651859283,0.0,27254.4609375
EleutherAI/pythia-70m,5,256,step256,70426624,6,8,61,0,5,0.013224034570157528,0.0,27254.4609375
EleutherAI/pythia-70m,5,256,step256,70426624,6,8,61,0,6,0.014546331949532032,0.0,27254.4609375
EleutherAI/pythia-70m,5,256,step256,70426624,6,8,61,0,7,0.01374097727239132,0.0,27254.4609375
EleutherAI/pythia-70m,5,256,step256,70426624,6,8,61,1,0,0.007438338827341795,0.0,27254.4609375
EleutherAI/pythia-70m,5,256,step256,70426624,6,8,61,1,1,0.009434076957404613,0.0,27254.4609375
EleutherAI/pythia-70m,5,256,step256,70426624,6,8,61,1,2,0.012987674213945866,0.0,27254.4609375
EleutherAI/pythia-70m,5,256,step256,70426624,6,8,61,1,3,0.012914065271615982,0.0,27254.4609375
EleutherAI/pythia-70m,5,256,step256,70426624,6,8,61,1,4,0.011232676915824413,0.0,27254.4609375
EleutherAI/pythia-70m,5,256,step256,70426624,6,8,61,1,5,0.006844197399914265,0.0,27254.4609375
EleutherAI/pythia-70m,5,256,step256,70426624,6,8,61,1,6,0.010170635767281055,0.0,27254.4609375
EleutherAI/pythia-70m,5,256,step256,70426624,6,8,61,1,7,0.010433063842356205,0.0,27254.4609375
EleutherAI/pythia-70m,5,256,step256,70426624,6,8,61,2,0,0.006653578951954842,0.0,27254.4609375
EleutherAI/pythia-70m,5,256,step256,70426624,6,8,61,2,1,0.007452091667801142,0.0,27254.4609375
EleutherAI/pythia-70m,5,256,step256,70426624,6,8,61,2,2,0.0037423924077302217,0.0,27254.4609375
EleutherAI/pythia-70m,5,256,step256,70426624,6,8,61,2,3,0.007803436368703842,0.0,27254.4609375
EleutherAI/pythia-70m,5,256,step256,70426624,6,8,61,2,4,0.011899684555828571,0.0,27254.4609375
EleutherAI/pythia-70m,5,256,step256,70426624,6,8,61,2,5,0.004913943354040384,0.0,27254.4609375
EleutherAI/pythia-70m,5,256,step256,70426624,6,8,61,2,6,0.004688055720180273,0.0,27254.4609375
EleutherAI/pythia-70m,5,256,step256,70426624,6,8,61,2,7,0.009639939293265343,0.0,27254.4609375
EleutherAI/pythia-70m,5,256,step256,70426624,6,8,61,3,0,0.004082970321178436,0.0,27254.4609375
EleutherAI/pythia-70m,5,256,step256,70426624,6,8,61,3,1,0.003873160807415843,0.0,27254.4609375
EleutherAI/pythia-70m,5,256,step256,70426624,6,8,61,3,2,0.004954429809004068,0.0,27254.4609375
EleutherAI/pythia-70m,5,256,step256,70426624,6,8,61,3,3,0.002075622323900461,0.0,27254.4609375
EleutherAI/pythia-70m,5,256,step256,70426624,6,8,61,3,4,0.004927204921841621,0.0,27254.4609375
EleutherAI/pythia-70m,5,256,step256,70426624,6,8,61,3,5,0.0036196946166455746,0.0,27254.4609375
EleutherAI/pythia-70m,5,256,step256,70426624,6,8,61,3,6,0.0020570517517626286,0.0,27254.4609375
EleutherAI/pythia-70m,5,256,step256,70426624,6,8,61,3,7,0.007648075930774212,0.0,27254.4609375
EleutherAI/pythia-70m,5,256,step256,70426624,6,8,61,4,0,0.003040598938241601,0.0,27254.4609375
EleutherAI/pythia-70m,5,256,step256,70426624,6,8,61,4,1,0.005787774920463562,0.0,27254.4609375
EleutherAI/pythia-70m,5,256,step256,70426624,6,8,61,4,2,0.007604668848216534,0.0,27254.4609375
EleutherAI/pythia-70m,5,256,step256,70426624,6,8,61,4,3,0.016068393364548683,0.0,27254.4609375
EleutherAI/pythia-70m,5,256,step256,70426624,6,8,61,4,4,0.008864815346896648,0.0,27254.4609375
EleutherAI/pythia-70m,5,256,step256,70426624,6,8,61,4,5,0.003082167124375701,0.0,27254.4609375
EleutherAI/pythia-70m,5,256,step256,70426624,6,8,61,4,6,0.002961118705570698,0.0,27254.4609375
EleutherAI/pythia-70m,5,256,step256,70426624,6,8,61,4,7,0.005660769529640675,0.0,27254.4609375
EleutherAI/pythia-70m,5,256,step256,70426624,6,8,61,5,0,0.008190179243683815,0.0,27254.4609375
EleutherAI/pythia-70m,5,256,step256,70426624,6,8,61,5,1,0.004762366414070129,0.0,27254.4609375
EleutherAI/pythia-70m,5,256,step256,70426624,6,8,61,5,2,0.010924753732979298,0.0,27254.4609375
EleutherAI/pythia-70m,5,256,step256,70426624,6,8,61,5,3,0.003053174586966634,0.0,27254.4609375
EleutherAI/pythia-70m,5,256,step256,70426624,6,8,61,5,4,0.007280200254172087,0.0,27254.4609375
EleutherAI/pythia-70m,5,256,step256,70426624,6,8,61,5,5,0.003477327525615692,0.0,27254.4609375
EleutherAI/pythia-70m,5,256,step256,70426624,6,8,61,5,6,0.005942375864833593,0.0,27254.4609375
EleutherAI/pythia-70m,5,256,step256,70426624,6,8,61,5,7,0.005334389396011829,0.0,27254.4609375
EleutherAI/pythia-70m,5,256,step256,70426624,6,8,62,0,0,0.013033189810812473,0.0,24696.900390625
EleutherAI/pythia-70m,5,256,step256,70426624,6,8,62,0,1,0.014095671474933624,0.0,24696.900390625
EleutherAI/pythia-70m,5,256,step256,70426624,6,8,62,0,2,0.014811012893915176,0.0,24696.900390625
EleutherAI/pythia-70m,5,256,step256,70426624,6,8,62,0,3,0.01434596162289381,0.0,24696.900390625
EleutherAI/pythia-70m,5,256,step256,70426624,6,8,62,0,4,0.01412418857216835,0.0,24696.900390625
EleutherAI/pythia-70m,5,256,step256,70426624,6,8,62,0,5,0.014233206398785114,0.0,24696.900390625
EleutherAI/pythia-70m,5,256,step256,70426624,6,8,62,0,6,0.013620569370687008,0.0,24696.900390625
EleutherAI/pythia-70m,5,256,step256,70426624,6,8,62,0,7,0.013219987042248249,0.0,24696.900390625
EleutherAI/pythia-70m,5,256,step256,70426624,6,8,62,1,0,0.009157300926744938,0.0,24696.900390625
EleutherAI/pythia-70m,5,256,step256,70426624,6,8,62,1,1,0.008708184584975243,0.0,24696.900390625
EleutherAI/pythia-70m,5,256,step256,70426624,6,8,62,1,2,0.009957682341337204,0.0,24696.900390625
EleutherAI/pythia-70m,5,256,step256,70426624,6,8,62,1,3,0.013104388490319252,0.0,24696.900390625
EleutherAI/pythia-70m,5,256,step256,70426624,6,8,62,1,4,0.00835145078599453,0.0,24696.900390625
EleutherAI/pythia-70m,5,256,step256,70426624,6,8,62,1,5,0.007413992192596197,0.0,24696.900390625
EleutherAI/pythia-70m,5,256,step256,70426624,6,8,62,1,6,0.00886333268135786,0.0,24696.900390625
EleutherAI/pythia-70m,5,256,step256,70426624,6,8,62,1,7,0.011150671169161797,0.0,24696.900390625
EleutherAI/pythia-70m,5,256,step256,70426624,6,8,62,2,0,0.0057459683157503605,0.0,24696.900390625
EleutherAI/pythia-70m,5,256,step256,70426624,6,8,62,2,1,0.005961232353001833,0.0,24696.900390625
EleutherAI/pythia-70m,5,256,step256,70426624,6,8,62,2,2,0.003648136043921113,0.0,24696.900390625
EleutherAI/pythia-70m,5,256,step256,70426624,6,8,62,2,3,0.005651099607348442,0.0,24696.900390625
EleutherAI/pythia-70m,5,256,step256,70426624,6,8,62,2,4,0.009644168429076672,0.0,24696.900390625
EleutherAI/pythia-70m,5,256,step256,70426624,6,8,62,2,5,0.005040115211158991,0.0,24696.900390625
EleutherAI/pythia-70m,5,256,step256,70426624,6,8,62,2,6,0.0029777642339468002,0.0,24696.900390625
EleutherAI/pythia-70m,5,256,step256,70426624,6,8,62,2,7,0.006796193774789572,0.0,24696.900390625
EleutherAI/pythia-70m,5,256,step256,70426624,6,8,62,3,0,0.002126028761267662,0.0,24696.900390625
EleutherAI/pythia-70m,5,256,step256,70426624,6,8,62,3,1,0.001949549769051373,0.0,24696.900390625
EleutherAI/pythia-70m,5,256,step256,70426624,6,8,62,3,2,0.0035840230993926525,0.0,24696.900390625
EleutherAI/pythia-70m,5,256,step256,70426624,6,8,62,3,3,0.0010968928690999746,0.0,24696.900390625
EleutherAI/pythia-70m,5,256,step256,70426624,6,8,62,3,4,0.007014263886958361,0.0,24696.900390625
EleutherAI/pythia-70m,5,256,step256,70426624,6,8,62,3,5,0.0018791168695315719,0.0,24696.900390625
EleutherAI/pythia-70m,5,256,step256,70426624,6,8,62,3,6,0.0011658627772703767,0.0,24696.900390625
EleutherAI/pythia-70m,5,256,step256,70426624,6,8,62,3,7,0.013688746839761734,0.0,24696.900390625
EleutherAI/pythia-70m,5,256,step256,70426624,6,8,62,4,0,0.002085022861137986,0.0,24696.900390625
EleutherAI/pythia-70m,5,256,step256,70426624,6,8,62,4,1,0.004914149176329374,0.0,24696.900390625
EleutherAI/pythia-70m,5,256,step256,70426624,6,8,62,4,2,0.007370694074779749,0.0,24696.900390625
EleutherAI/pythia-70m,5,256,step256,70426624,6,8,62,4,3,0.014928465709090233,0.0,24696.900390625
EleutherAI/pythia-70m,5,256,step256,70426624,6,8,62,4,4,0.009404848329722881,0.0,24696.900390625
EleutherAI/pythia-70m,5,256,step256,70426624,6,8,62,4,5,0.003183406312018633,0.0,24696.900390625
EleutherAI/pythia-70m,5,256,step256,70426624,6,8,62,4,6,0.0038954925257712603,0.0,24696.900390625
EleutherAI/pythia-70m,5,256,step256,70426624,6,8,62,4,7,0.0036863014101982117,0.0,24696.900390625
EleutherAI/pythia-70m,5,256,step256,70426624,6,8,62,5,0,0.008315451443195343,0.0,24696.900390625
EleutherAI/pythia-70m,5,256,step256,70426624,6,8,62,5,1,0.006731441710144281,0.0,24696.900390625
EleutherAI/pythia-70m,5,256,step256,70426624,6,8,62,5,2,0.01025772001594305,0.0,24696.900390625
EleutherAI/pythia-70m,5,256,step256,70426624,6,8,62,5,3,0.0008824255201034248,0.0,24696.900390625
EleutherAI/pythia-70m,5,256,step256,70426624,6,8,62,5,4,0.004473801702260971,0.0,24696.900390625
EleutherAI/pythia-70m,5,256,step256,70426624,6,8,62,5,5,0.003054645610973239,0.0,24696.900390625
EleutherAI/pythia-70m,5,256,step256,70426624,6,8,62,5,6,0.003843720303848386,0.0,24696.900390625
EleutherAI/pythia-70m,5,256,step256,70426624,6,8,62,5,7,0.0032725902274250984,0.0,24696.900390625
EleutherAI/pythia-70m,5,256,step256,70426624,6,8,63,0,0,0.014182350598275661,0.0,25611.4609375
EleutherAI/pythia-70m,5,256,step256,70426624,6,8,63,0,1,0.01372421532869339,0.0,25611.4609375
EleutherAI/pythia-70m,5,256,step256,70426624,6,8,63,0,2,0.013407799415290356,0.0,25611.4609375
EleutherAI/pythia-70m,5,256,step256,70426624,6,8,63,0,3,0.013592654839158058,0.0,25611.4609375
EleutherAI/pythia-70m,5,256,step256,70426624,6,8,63,0,4,0.014347809366881847,0.0,25611.4609375
EleutherAI/pythia-70m,5,256,step256,70426624,6,8,63,0,5,0.014148029498755932,0.0,25611.4609375
EleutherAI/pythia-70m,5,256,step256,70426624,6,8,63,0,6,0.014666860923171043,0.0,25611.4609375
EleutherAI/pythia-70m,5,256,step256,70426624,6,8,63,0,7,0.01341509073972702,0.0,25611.4609375
EleutherAI/pythia-70m,5,256,step256,70426624,6,8,63,1,0,0.006895699538290501,0.0,25611.4609375
EleutherAI/pythia-70m,5,256,step256,70426624,6,8,63,1,1,0.008862275630235672,0.0,25611.4609375
EleutherAI/pythia-70m,5,256,step256,70426624,6,8,63,1,2,0.010367422364652157,0.0,25611.4609375
EleutherAI/pythia-70m,5,256,step256,70426624,6,8,63,1,3,0.010752609930932522,0.0,25611.4609375
EleutherAI/pythia-70m,5,256,step256,70426624,6,8,63,1,4,0.010594364255666733,0.0,25611.4609375
EleutherAI/pythia-70m,5,256,step256,70426624,6,8,63,1,5,0.007347073405981064,0.0,25611.4609375
EleutherAI/pythia-70m,5,256,step256,70426624,6,8,63,1,6,0.010507307015359402,0.0,25611.4609375
EleutherAI/pythia-70m,5,256,step256,70426624,6,8,63,1,7,0.011006215587258339,0.0,25611.4609375
EleutherAI/pythia-70m,5,256,step256,70426624,6,8,63,2,0,0.006344030611217022,0.0,25611.4609375
EleutherAI/pythia-70m,5,256,step256,70426624,6,8,63,2,1,0.006641595158725977,0.0,25611.4609375
EleutherAI/pythia-70m,5,256,step256,70426624,6,8,63,2,2,0.004315701313316822,0.0,25611.4609375
EleutherAI/pythia-70m,5,256,step256,70426624,6,8,63,2,3,0.006262191105633974,0.0,25611.4609375
EleutherAI/pythia-70m,5,256,step256,70426624,6,8,63,2,4,0.012264508754014969,0.0,25611.4609375
EleutherAI/pythia-70m,5,256,step256,70426624,6,8,63,2,5,0.006951829418540001,0.0,25611.4609375
EleutherAI/pythia-70m,5,256,step256,70426624,6,8,63,2,6,0.004315746948122978,0.0,25611.4609375
EleutherAI/pythia-70m,5,256,step256,70426624,6,8,63,2,7,0.006249557714909315,0.0,25611.4609375
EleutherAI/pythia-70m,5,256,step256,70426624,6,8,63,3,0,0.002114590024575591,0.0,25611.4609375
EleutherAI/pythia-70m,5,256,step256,70426624,6,8,63,3,1,0.0043848599307239056,0.0,25611.4609375
EleutherAI/pythia-70m,5,256,step256,70426624,6,8,63,3,2,0.003970237448811531,0.0,25611.4609375
EleutherAI/pythia-70m,5,256,step256,70426624,6,8,63,3,3,0.0012916034320369363,0.0,25611.4609375
EleutherAI/pythia-70m,5,256,step256,70426624,6,8,63,3,4,0.007685332093387842,0.0,25611.4609375
EleutherAI/pythia-70m,5,256,step256,70426624,6,8,63,3,5,0.002146977698430419,0.0,25611.4609375
EleutherAI/pythia-70m,5,256,step256,70426624,6,8,63,3,6,0.0015974167035892606,0.0,25611.4609375
EleutherAI/pythia-70m,5,256,step256,70426624,6,8,63,3,7,0.011594717390835285,0.0,25611.4609375
EleutherAI/pythia-70m,5,256,step256,70426624,6,8,63,4,0,0.0023699968587607145,0.0,25611.4609375
EleutherAI/pythia-70m,5,256,step256,70426624,6,8,63,4,1,0.004363356623798609,0.0,25611.4609375
EleutherAI/pythia-70m,5,256,step256,70426624,6,8,63,4,2,0.009876208379864693,0.0,25611.4609375
EleutherAI/pythia-70m,5,256,step256,70426624,6,8,63,4,3,0.014457618817687035,0.0,25611.4609375
EleutherAI/pythia-70m,5,256,step256,70426624,6,8,63,4,4,0.01254244800657034,0.0,25611.4609375
EleutherAI/pythia-70m,5,256,step256,70426624,6,8,63,4,5,0.00312608084641397,0.0,25611.4609375
EleutherAI/pythia-70m,5,256,step256,70426624,6,8,63,4,6,0.0024490247014909983,0.0,25611.4609375
EleutherAI/pythia-70m,5,256,step256,70426624,6,8,63,4,7,0.0040027364157140255,0.0,25611.4609375
EleutherAI/pythia-70m,5,256,step256,70426624,6,8,63,5,0,0.007743117865175009,0.0,25611.4609375
EleutherAI/pythia-70m,5,256,step256,70426624,6,8,63,5,1,0.006005023140460253,0.0,25611.4609375
EleutherAI/pythia-70m,5,256,step256,70426624,6,8,63,5,2,0.012423011474311352,0.0,25611.4609375
EleutherAI/pythia-70m,5,256,step256,70426624,6,8,63,5,3,0.001953538740053773,0.0,25611.4609375
EleutherAI/pythia-70m,5,256,step256,70426624,6,8,63,5,4,0.010507733561098576,0.0,25611.4609375
EleutherAI/pythia-70m,5,256,step256,70426624,6,8,63,5,5,0.004856580402702093,0.0,25611.4609375
EleutherAI/pythia-70m,5,256,step256,70426624,6,8,63,5,6,0.006561434827744961,0.0,25611.4609375
EleutherAI/pythia-70m,5,256,step256,70426624,6,8,63,5,7,0.003504726104438305,0.0,25611.4609375
EleutherAI/pythia-70m,5,256,step256,70426624,6,8,64,0,0,0.014192014932632446,0.0,23464.099609375
EleutherAI/pythia-70m,5,256,step256,70426624,6,8,64,0,1,0.01409172173589468,0.0,23464.099609375
EleutherAI/pythia-70m,5,256,step256,70426624,6,8,64,0,2,0.014719393104314804,0.0,23464.099609375
EleutherAI/pythia-70m,5,256,step256,70426624,6,8,64,0,3,0.014741217717528343,0.0,23464.099609375
EleutherAI/pythia-70m,5,256,step256,70426624,6,8,64,0,4,0.012528291903436184,0.0,23464.099609375
EleutherAI/pythia-70m,5,256,step256,70426624,6,8,64,0,5,0.012847567908465862,0.0,23464.099609375
EleutherAI/pythia-70m,5,256,step256,70426624,6,8,64,0,6,0.01344274077564478,0.0,23464.099609375
EleutherAI/pythia-70m,5,256,step256,70426624,6,8,64,0,7,0.012840790674090385,0.0,23464.099609375
EleutherAI/pythia-70m,5,256,step256,70426624,6,8,64,1,0,0.006876244675368071,0.0,23464.099609375
EleutherAI/pythia-70m,5,256,step256,70426624,6,8,64,1,1,0.009885433129966259,0.0,23464.099609375
EleutherAI/pythia-70m,5,256,step256,70426624,6,8,64,1,2,0.010440013371407986,0.0,23464.099609375
EleutherAI/pythia-70m,5,256,step256,70426624,6,8,64,1,3,0.011559337377548218,0.0,23464.099609375
EleutherAI/pythia-70m,5,256,step256,70426624,6,8,64,1,4,0.008904805406928062,0.0,23464.099609375
EleutherAI/pythia-70m,5,256,step256,70426624,6,8,64,1,5,0.007359378505498171,0.0,23464.099609375
EleutherAI/pythia-70m,5,256,step256,70426624,6,8,64,1,6,0.009433558210730553,0.0,23464.099609375
EleutherAI/pythia-70m,5,256,step256,70426624,6,8,64,1,7,0.013353079557418823,0.0,23464.099609375
EleutherAI/pythia-70m,5,256,step256,70426624,6,8,64,2,0,0.006013064179569483,0.0,23464.099609375
EleutherAI/pythia-70m,5,256,step256,70426624,6,8,64,2,1,0.00769182201474905,0.0,23464.099609375
EleutherAI/pythia-70m,5,256,step256,70426624,6,8,64,2,2,0.0033486506436020136,0.0,23464.099609375
EleutherAI/pythia-70m,5,256,step256,70426624,6,8,64,2,3,0.008600091561675072,0.0,23464.099609375
EleutherAI/pythia-70m,5,256,step256,70426624,6,8,64,2,4,0.012370025739073753,0.0,23464.099609375
EleutherAI/pythia-70m,5,256,step256,70426624,6,8,64,2,5,0.005317021626979113,0.0,23464.099609375
EleutherAI/pythia-70m,5,256,step256,70426624,6,8,64,2,6,0.003103219671174884,0.0,23464.099609375
EleutherAI/pythia-70m,5,256,step256,70426624,6,8,64,2,7,0.006725310813635588,0.0,23464.099609375
EleutherAI/pythia-70m,5,256,step256,70426624,6,8,64,3,0,0.004603326786309481,0.0,23464.099609375
EleutherAI/pythia-70m,5,256,step256,70426624,6,8,64,3,1,0.0034112005960196257,0.0,23464.099609375
EleutherAI/pythia-70m,5,256,step256,70426624,6,8,64,3,2,0.0035908538848161697,0.0,23464.099609375
EleutherAI/pythia-70m,5,256,step256,70426624,6,8,64,3,3,0.0016756957629695535,0.0,23464.099609375
EleutherAI/pythia-70m,5,256,step256,70426624,6,8,64,3,4,0.008057791739702225,0.0,23464.099609375
EleutherAI/pythia-70m,5,256,step256,70426624,6,8,64,3,5,0.002403654856607318,0.0,23464.099609375
EleutherAI/pythia-70m,5,256,step256,70426624,6,8,64,3,6,0.0020482498221099377,0.0,23464.099609375
EleutherAI/pythia-70m,5,256,step256,70426624,6,8,64,3,7,0.009659186005592346,0.0,23464.099609375
EleutherAI/pythia-70m,5,256,step256,70426624,6,8,64,4,0,0.0018237167969346046,0.0,23464.099609375
EleutherAI/pythia-70m,5,256,step256,70426624,6,8,64,4,1,0.004681740887463093,0.0,23464.099609375
EleutherAI/pythia-70m,5,256,step256,70426624,6,8,64,4,2,0.007463700138032436,0.0,23464.099609375
EleutherAI/pythia-70m,5,256,step256,70426624,6,8,64,4,3,0.012033369392156601,0.0,23464.099609375
EleutherAI/pythia-70m,5,256,step256,70426624,6,8,64,4,4,0.011871974915266037,0.0,23464.099609375
EleutherAI/pythia-70m,5,256,step256,70426624,6,8,64,4,5,0.0036698668263852596,0.0,23464.099609375
EleutherAI/pythia-70m,5,256,step256,70426624,6,8,64,4,6,0.002558537060394883,0.0,23464.099609375
EleutherAI/pythia-70m,5,256,step256,70426624,6,8,64,4,7,0.0063140434212982655,0.0,23464.099609375
EleutherAI/pythia-70m,5,256,step256,70426624,6,8,64,5,0,0.008865990675985813,0.0,23464.099609375
EleutherAI/pythia-70m,5,256,step256,70426624,6,8,64,5,1,0.006813574582338333,0.0,23464.099609375
EleutherAI/pythia-70m,5,256,step256,70426624,6,8,64,5,2,0.009841998107731342,0.0,23464.099609375
EleutherAI/pythia-70m,5,256,step256,70426624,6,8,64,5,3,0.0017476282082498074,0.0,23464.099609375
EleutherAI/pythia-70m,5,256,step256,70426624,6,8,64,5,4,0.006558852735906839,0.0,23464.099609375
EleutherAI/pythia-70m,5,256,step256,70426624,6,8,64,5,5,0.0054557351395487785,0.0,23464.099609375
EleutherAI/pythia-70m,5,256,step256,70426624,6,8,64,5,6,0.007826453074812889,0.0,23464.099609375
EleutherAI/pythia-70m,5,256,step256,70426624,6,8,64,5,7,0.004826314281672239,0.0,23464.099609375
EleutherAI/pythia-70m,5,256,step256,70426624,6,8,65,0,0,0.013818299397826195,0.0,22801.080078125
EleutherAI/pythia-70m,5,256,step256,70426624,6,8,65,0,1,0.013280081562697887,0.0,22801.080078125
EleutherAI/pythia-70m,5,256,step256,70426624,6,8,65,0,2,0.01442728377878666,0.0,22801.080078125
EleutherAI/pythia-70m,5,256,step256,70426624,6,8,65,0,3,0.01247022021561861,0.0,22801.080078125
EleutherAI/pythia-70m,5,256,step256,70426624,6,8,65,0,4,0.014357073232531548,0.0,22801.080078125
EleutherAI/pythia-70m,5,256,step256,70426624,6,8,65,0,5,0.014371521770954132,0.0,22801.080078125
EleutherAI/pythia-70m,5,256,step256,70426624,6,8,65,0,6,0.01378029864281416,0.0,22801.080078125
EleutherAI/pythia-70m,5,256,step256,70426624,6,8,65,0,7,0.014811367727816105,0.0,22801.080078125
EleutherAI/pythia-70m,5,256,step256,70426624,6,8,65,1,0,0.007284389343112707,0.0,22801.080078125
EleutherAI/pythia-70m,5,256,step256,70426624,6,8,65,1,1,0.009401250630617142,0.0,22801.080078125
EleutherAI/pythia-70m,5,256,step256,70426624,6,8,65,1,2,0.011121188290417194,0.0,22801.080078125
EleutherAI/pythia-70m,5,256,step256,70426624,6,8,65,1,3,0.013106423430144787,0.0,22801.080078125
EleutherAI/pythia-70m,5,256,step256,70426624,6,8,65,1,4,0.011006252840161324,0.0,22801.080078125
EleutherAI/pythia-70m,5,256,step256,70426624,6,8,65,1,5,0.007705500815063715,0.0,22801.080078125
EleutherAI/pythia-70m,5,256,step256,70426624,6,8,65,1,6,0.009446266107261181,0.0,22801.080078125
EleutherAI/pythia-70m,5,256,step256,70426624,6,8,65,1,7,0.011899787001311779,0.0,22801.080078125
EleutherAI/pythia-70m,5,256,step256,70426624,6,8,65,2,0,0.005869845859706402,0.0,22801.080078125
EleutherAI/pythia-70m,5,256,step256,70426624,6,8,65,2,1,0.006801177281886339,0.0,22801.080078125
EleutherAI/pythia-70m,5,256,step256,70426624,6,8,65,2,2,0.002681831130757928,0.0,22801.080078125
EleutherAI/pythia-70m,5,256,step256,70426624,6,8,65,2,3,0.00520937517285347,0.0,22801.080078125
EleutherAI/pythia-70m,5,256,step256,70426624,6,8,65,2,4,0.011027945205569267,0.0,22801.080078125
EleutherAI/pythia-70m,5,256,step256,70426624,6,8,65,2,5,0.005124480929225683,0.0,22801.080078125
EleutherAI/pythia-70m,5,256,step256,70426624,6,8,65,2,6,0.005451058968901634,0.0,22801.080078125
EleutherAI/pythia-70m,5,256,step256,70426624,6,8,65,2,7,0.00714273052290082,0.0,22801.080078125
EleutherAI/pythia-70m,5,256,step256,70426624,6,8,65,3,0,0.004403688479214907,0.0,22801.080078125
EleutherAI/pythia-70m,5,256,step256,70426624,6,8,65,3,1,0.0026904353871941566,0.0,22801.080078125
EleutherAI/pythia-70m,5,256,step256,70426624,6,8,65,3,2,0.005029018502682447,0.0,22801.080078125
EleutherAI/pythia-70m,5,256,step256,70426624,6,8,65,3,3,0.0033183335326611996,0.0,22801.080078125
EleutherAI/pythia-70m,5,256,step256,70426624,6,8,65,3,4,0.011550145223736763,0.0,22801.080078125
EleutherAI/pythia-70m,5,256,step256,70426624,6,8,65,3,5,0.0031645672861486673,0.0,22801.080078125
EleutherAI/pythia-70m,5,256,step256,70426624,6,8,65,3,6,0.003222005907446146,0.0,22801.080078125
EleutherAI/pythia-70m,5,256,step256,70426624,6,8,65,3,7,0.008169409818947315,0.0,22801.080078125
EleutherAI/pythia-70m,5,256,step256,70426624,6,8,65,4,0,0.002594688441604376,0.0,22801.080078125
EleutherAI/pythia-70m,5,256,step256,70426624,6,8,65,4,1,0.005321639124304056,0.0,22801.080078125
EleutherAI/pythia-70m,5,256,step256,70426624,6,8,65,4,2,0.008221352472901344,0.0,22801.080078125
EleutherAI/pythia-70m,5,256,step256,70426624,6,8,65,4,3,0.015147433616220951,0.0,22801.080078125
EleutherAI/pythia-70m,5,256,step256,70426624,6,8,65,4,4,0.007500265724956989,0.0,22801.080078125
EleutherAI/pythia-70m,5,256,step256,70426624,6,8,65,4,5,0.00324458722025156,0.0,22801.080078125
EleutherAI/pythia-70m,5,256,step256,70426624,6,8,65,4,6,0.0037731153424829245,0.0,22801.080078125
EleutherAI/pythia-70m,5,256,step256,70426624,6,8,65,4,7,0.005099501460790634,0.0,22801.080078125
EleutherAI/pythia-70m,5,256,step256,70426624,6,8,65,5,0,0.00823134370148182,0.0,22801.080078125
EleutherAI/pythia-70m,5,256,step256,70426624,6,8,65,5,1,0.007048666477203369,0.0,22801.080078125
EleutherAI/pythia-70m,5,256,step256,70426624,6,8,65,5,2,0.014423654414713383,0.0,22801.080078125
EleutherAI/pythia-70m,5,256,step256,70426624,6,8,65,5,3,0.0014510187320411205,0.0,22801.080078125
EleutherAI/pythia-70m,5,256,step256,70426624,6,8,65,5,4,0.006895950995385647,0.0,22801.080078125
EleutherAI/pythia-70m,5,256,step256,70426624,6,8,65,5,5,0.003553643822669983,0.0,22801.080078125
EleutherAI/pythia-70m,5,256,step256,70426624,6,8,65,5,6,0.004714219365268946,0.0,22801.080078125
EleutherAI/pythia-70m,5,256,step256,70426624,6,8,65,5,7,0.004391324706375599,0.0,22801.080078125
EleutherAI/pythia-70m,5,256,step256,70426624,6,8,66,0,0,0.01417951937764883,0.0,22993.98046875
EleutherAI/pythia-70m,5,256,step256,70426624,6,8,66,0,1,0.013174802996218204,0.0,22993.98046875
EleutherAI/pythia-70m,5,256,step256,70426624,6,8,66,0,2,0.013482638634741306,0.0,22993.98046875
EleutherAI/pythia-70m,5,256,step256,70426624,6,8,66,0,3,0.014041101559996605,0.0,22993.98046875
EleutherAI/pythia-70m,5,256,step256,70426624,6,8,66,0,4,0.014652783051133156,0.0,22993.98046875
EleutherAI/pythia-70m,5,256,step256,70426624,6,8,66,0,5,0.013966144062578678,0.0,22993.98046875
EleutherAI/pythia-70m,5,256,step256,70426624,6,8,66,0,6,0.012389468029141426,0.0,22993.98046875
EleutherAI/pythia-70m,5,256,step256,70426624,6,8,66,0,7,0.01242764387279749,0.0,22993.98046875
EleutherAI/pythia-70m,5,256,step256,70426624,6,8,66,1,0,0.008466782979667187,0.0,22993.98046875
EleutherAI/pythia-70m,5,256,step256,70426624,6,8,66,1,1,0.01059083454310894,0.0,22993.98046875
EleutherAI/pythia-70m,5,256,step256,70426624,6,8,66,1,2,0.010593817569315434,0.0,22993.98046875
EleutherAI/pythia-70m,5,256,step256,70426624,6,8,66,1,3,0.011609382927417755,0.0,22993.98046875
EleutherAI/pythia-70m,5,256,step256,70426624,6,8,66,1,4,0.012039713561534882,0.0,22993.98046875
EleutherAI/pythia-70m,5,256,step256,70426624,6,8,66,1,5,0.008667534217238426,0.0,22993.98046875
EleutherAI/pythia-70m,5,256,step256,70426624,6,8,66,1,6,0.010463254526257515,0.0,22993.98046875
EleutherAI/pythia-70m,5,256,step256,70426624,6,8,66,1,7,0.011179188266396523,0.0,22993.98046875
EleutherAI/pythia-70m,5,256,step256,70426624,6,8,66,2,0,0.00613914430141449,0.0,22993.98046875
EleutherAI/pythia-70m,5,256,step256,70426624,6,8,66,2,1,0.008042885921895504,0.0,22993.98046875
EleutherAI/pythia-70m,5,256,step256,70426624,6,8,66,2,2,0.003210902912542224,0.0,22993.98046875
EleutherAI/pythia-70m,5,256,step256,70426624,6,8,66,2,3,0.005808776710182428,0.0,22993.98046875
EleutherAI/pythia-70m,5,256,step256,70426624,6,8,66,2,4,0.011994468979537487,0.0,22993.98046875
EleutherAI/pythia-70m,5,256,step256,70426624,6,8,66,2,5,0.0065667773596942425,0.0,22993.98046875
EleutherAI/pythia-70m,5,256,step256,70426624,6,8,66,2,6,0.0050408728420734406,0.0,22993.98046875
EleutherAI/pythia-70m,5,256,step256,70426624,6,8,66,2,7,0.006195180583745241,0.0,22993.98046875
EleutherAI/pythia-70m,5,256,step256,70426624,6,8,66,3,0,0.004192418418824673,0.0,22993.98046875
EleutherAI/pythia-70m,5,256,step256,70426624,6,8,66,3,1,0.003672783961519599,0.0,22993.98046875
EleutherAI/pythia-70m,5,256,step256,70426624,6,8,66,3,2,0.005428927019238472,0.0,22993.98046875
EleutherAI/pythia-70m,5,256,step256,70426624,6,8,66,3,3,0.002089722314849496,0.0,22993.98046875
EleutherAI/pythia-70m,5,256,step256,70426624,6,8,66,3,4,0.0060248528607189655,0.0,22993.98046875
EleutherAI/pythia-70m,5,256,step256,70426624,6,8,66,3,5,0.003616803325712681,0.0,22993.98046875
EleutherAI/pythia-70m,5,256,step256,70426624,6,8,66,3,6,0.0025815246626734734,0.0,22993.98046875
EleutherAI/pythia-70m,5,256,step256,70426624,6,8,66,3,7,0.009904163889586926,0.0,22993.98046875
EleutherAI/pythia-70m,5,256,step256,70426624,6,8,66,4,0,0.0024997126311063766,0.0,22993.98046875
EleutherAI/pythia-70m,5,256,step256,70426624,6,8,66,4,1,0.0035106244031339884,0.0,22993.98046875
EleutherAI/pythia-70m,5,256,step256,70426624,6,8,66,4,2,0.008828523568809032,0.0,22993.98046875
EleutherAI/pythia-70m,5,256,step256,70426624,6,8,66,4,3,0.013006375171244144,0.0,22993.98046875
EleutherAI/pythia-70m,5,256,step256,70426624,6,8,66,4,4,0.01179072167724371,0.0,22993.98046875
EleutherAI/pythia-70m,5,256,step256,70426624,6,8,66,4,5,0.0025873410049825907,0.0,22993.98046875
EleutherAI/pythia-70m,5,256,step256,70426624,6,8,66,4,6,0.0029396936297416687,0.0,22993.98046875
EleutherAI/pythia-70m,5,256,step256,70426624,6,8,66,4,7,0.007350795436650515,0.0,22993.98046875
EleutherAI/pythia-70m,5,256,step256,70426624,6,8,66,5,0,0.010977884754538536,0.0,22993.98046875
EleutherAI/pythia-70m,5,256,step256,70426624,6,8,66,5,1,0.007355038542300463,0.0,22993.98046875
EleutherAI/pythia-70m,5,256,step256,70426624,6,8,66,5,2,0.010154981166124344,0.0,22993.98046875
EleutherAI/pythia-70m,5,256,step256,70426624,6,8,66,5,3,0.0018218578770756721,0.0,22993.98046875
EleutherAI/pythia-70m,5,256,step256,70426624,6,8,66,5,4,0.004901634994894266,0.0,22993.98046875
EleutherAI/pythia-70m,5,256,step256,70426624,6,8,66,5,5,0.005597710143774748,0.0,22993.98046875
EleutherAI/pythia-70m,5,256,step256,70426624,6,8,66,5,6,0.005244853440672159,0.0,22993.98046875
EleutherAI/pythia-70m,5,256,step256,70426624,6,8,66,5,7,0.004063539672642946,0.0,22993.98046875
EleutherAI/pythia-70m,5,256,step256,70426624,6,8,67,0,0,0.014848475344479084,0.0,24739.439453125
EleutherAI/pythia-70m,5,256,step256,70426624,6,8,67,0,1,0.014799917116761208,0.0,24739.439453125
EleutherAI/pythia-70m,5,256,step256,70426624,6,8,67,0,2,0.013315537013113499,0.0,24739.439453125
EleutherAI/pythia-70m,5,256,step256,70426624,6,8,67,0,3,0.014877625741064548,0.0,24739.439453125
EleutherAI/pythia-70m,5,256,step256,70426624,6,8,67,0,4,0.013290636241436005,0.0,24739.439453125
EleutherAI/pythia-70m,5,256,step256,70426624,6,8,67,0,5,0.014467507600784302,0.0,24739.439453125
EleutherAI/pythia-70m,5,256,step256,70426624,6,8,67,0,6,0.013345121406018734,0.0,24739.439453125
EleutherAI/pythia-70m,5,256,step256,70426624,6,8,67,0,7,0.01437781099230051,0.0,24739.439453125
EleutherAI/pythia-70m,5,256,step256,70426624,6,8,67,1,0,0.009486830793321133,0.0,24739.439453125
EleutherAI/pythia-70m,5,256,step256,70426624,6,8,67,1,1,0.009875347837805748,0.0,24739.439453125
EleutherAI/pythia-70m,5,256,step256,70426624,6,8,67,1,2,0.011273001320660114,0.0,24739.439453125
EleutherAI/pythia-70m,5,256,step256,70426624,6,8,67,1,3,0.011678371578454971,0.0,24739.439453125
EleutherAI/pythia-70m,5,256,step256,70426624,6,8,67,1,4,0.010340348817408085,0.0,24739.439453125
EleutherAI/pythia-70m,5,256,step256,70426624,6,8,67,1,5,0.008182371035218239,0.0,24739.439453125
EleutherAI/pythia-70m,5,256,step256,70426624,6,8,67,1,6,0.010132606141269207,0.0,24739.439453125
EleutherAI/pythia-70m,5,256,step256,70426624,6,8,67,1,7,0.010316777043044567,0.0,24739.439453125
EleutherAI/pythia-70m,5,256,step256,70426624,6,8,67,2,0,0.007314568851143122,0.0,24739.439453125
EleutherAI/pythia-70m,5,256,step256,70426624,6,8,67,2,1,0.00902477279305458,0.0,24739.439453125
EleutherAI/pythia-70m,5,256,step256,70426624,6,8,67,2,2,0.003825234714895487,0.0,24739.439453125
EleutherAI/pythia-70m,5,256,step256,70426624,6,8,67,2,3,0.007602698635309935,0.0,24739.439453125
EleutherAI/pythia-70m,5,256,step256,70426624,6,8,67,2,4,0.010408561676740646,0.0,24739.439453125
EleutherAI/pythia-70m,5,256,step256,70426624,6,8,67,2,5,0.009863249026238918,0.0,24739.439453125
EleutherAI/pythia-70m,5,256,step256,70426624,6,8,67,2,6,0.005033229012042284,0.0,24739.439453125
EleutherAI/pythia-70m,5,256,step256,70426624,6,8,67,2,7,0.007780957035720348,0.0,24739.439453125
EleutherAI/pythia-70m,5,256,step256,70426624,6,8,67,3,0,0.003240545280277729,0.0,24739.439453125
EleutherAI/pythia-70m,5,256,step256,70426624,6,8,67,3,1,0.004039812367409468,0.0,24739.439453125
EleutherAI/pythia-70m,5,256,step256,70426624,6,8,67,3,2,0.007428809534758329,0.0,24739.439453125
EleutherAI/pythia-70m,5,256,step256,70426624,6,8,67,3,3,0.002030562376603484,0.0,24739.439453125
EleutherAI/pythia-70m,5,256,step256,70426624,6,8,67,3,4,0.007776279933750629,0.0,24739.439453125
EleutherAI/pythia-70m,5,256,step256,70426624,6,8,67,3,5,0.00418327609077096,0.0,24739.439453125
EleutherAI/pythia-70m,5,256,step256,70426624,6,8,67,3,6,0.003272873116657138,0.0,24739.439453125
EleutherAI/pythia-70m,5,256,step256,70426624,6,8,67,3,7,0.009348404593765736,0.0,24739.439453125
EleutherAI/pythia-70m,5,256,step256,70426624,6,8,67,4,0,0.0022268265020102262,0.0,24739.439453125
EleutherAI/pythia-70m,5,256,step256,70426624,6,8,67,4,1,0.007699280511587858,0.0,24739.439453125
EleutherAI/pythia-70m,5,256,step256,70426624,6,8,67,4,2,0.0076797641813755035,0.0,24739.439453125
EleutherAI/pythia-70m,5,256,step256,70426624,6,8,67,4,3,0.01429735030978918,0.0,24739.439453125
EleutherAI/pythia-70m,5,256,step256,70426624,6,8,67,4,4,0.01117735542356968,0.0,24739.439453125
EleutherAI/pythia-70m,5,256,step256,70426624,6,8,67,4,5,0.004599399399012327,0.0,24739.439453125
EleutherAI/pythia-70m,5,256,step256,70426624,6,8,67,4,6,0.003539295168593526,0.0,24739.439453125
EleutherAI/pythia-70m,5,256,step256,70426624,6,8,67,4,7,0.0060522472485899925,0.0,24739.439453125
EleutherAI/pythia-70m,5,256,step256,70426624,6,8,67,5,0,0.007965371944010258,0.0,24739.439453125
EleutherAI/pythia-70m,5,256,step256,70426624,6,8,67,5,1,0.00651567941531539,0.0,24739.439453125
EleutherAI/pythia-70m,5,256,step256,70426624,6,8,67,5,2,0.012122082524001598,0.0,24739.439453125
EleutherAI/pythia-70m,5,256,step256,70426624,6,8,67,5,3,0.0022041986230760813,0.0,24739.439453125
EleutherAI/pythia-70m,5,256,step256,70426624,6,8,67,5,4,0.007828145287930965,0.0,24739.439453125
EleutherAI/pythia-70m,5,256,step256,70426624,6,8,67,5,5,0.0036679496988654137,0.0,24739.439453125
EleutherAI/pythia-70m,5,256,step256,70426624,6,8,67,5,6,0.00465614628046751,0.0,24739.439453125
EleutherAI/pythia-70m,5,256,step256,70426624,6,8,67,5,7,0.003693746402859688,0.0,24739.439453125
EleutherAI/pythia-70m,5,256,step256,70426624,6,8,68,0,0,0.012177838012576103,0.0,27847.439453125
EleutherAI/pythia-70m,5,256,step256,70426624,6,8,68,0,1,0.01336362399160862,0.0,27847.439453125
EleutherAI/pythia-70m,5,256,step256,70426624,6,8,68,0,2,0.014094960875809193,0.0,27847.439453125
EleutherAI/pythia-70m,5,256,step256,70426624,6,8,68,0,3,0.01281995140016079,0.0,27847.439453125
EleutherAI/pythia-70m,5,256,step256,70426624,6,8,68,0,4,0.014763373881578445,0.0,27847.439453125
EleutherAI/pythia-70m,5,256,step256,70426624,6,8,68,0,5,0.013355957344174385,0.0,27847.439453125
EleutherAI/pythia-70m,5,256,step256,70426624,6,8,68,0,6,0.01440921425819397,0.0,27847.439453125
EleutherAI/pythia-70m,5,256,step256,70426624,6,8,68,0,7,0.015207979828119278,0.0,27847.439453125
EleutherAI/pythia-70m,5,256,step256,70426624,6,8,68,1,0,0.007325551938265562,0.0,27847.439453125
EleutherAI/pythia-70m,5,256,step256,70426624,6,8,68,1,1,0.009760486893355846,0.0,27847.439453125
EleutherAI/pythia-70m,5,256,step256,70426624,6,8,68,1,2,0.010881731286644936,0.0,27847.439453125
EleutherAI/pythia-70m,5,256,step256,70426624,6,8,68,1,3,0.012160965241491795,0.0,27847.439453125
EleutherAI/pythia-70m,5,256,step256,70426624,6,8,68,1,4,0.00914009753614664,0.0,27847.439453125
EleutherAI/pythia-70m,5,256,step256,70426624,6,8,68,1,5,0.009211265482008457,0.0,27847.439453125
EleutherAI/pythia-70m,5,256,step256,70426624,6,8,68,1,6,0.010158346965909004,0.0,27847.439453125
EleutherAI/pythia-70m,5,256,step256,70426624,6,8,68,1,7,0.009191108867526054,0.0,27847.439453125
EleutherAI/pythia-70m,5,256,step256,70426624,6,8,68,2,0,0.005470901727676392,0.0,27847.439453125
EleutherAI/pythia-70m,5,256,step256,70426624,6,8,68,2,1,0.0055657075718045235,0.0,27847.439453125
EleutherAI/pythia-70m,5,256,step256,70426624,6,8,68,2,2,0.0024628411047160625,0.0,27847.439453125
EleutherAI/pythia-70m,5,256,step256,70426624,6,8,68,2,3,0.005317464470863342,0.0,27847.439453125
EleutherAI/pythia-70m,5,256,step256,70426624,6,8,68,2,4,0.008559785783290863,0.0,27847.439453125
EleutherAI/pythia-70m,5,256,step256,70426624,6,8,68,2,5,0.0035710048396140337,0.0,27847.439453125
EleutherAI/pythia-70m,5,256,step256,70426624,6,8,68,2,6,0.003215049859136343,0.0,27847.439453125
EleutherAI/pythia-70m,5,256,step256,70426624,6,8,68,2,7,0.006102613173425198,0.0,27847.439453125
EleutherAI/pythia-70m,5,256,step256,70426624,6,8,68,3,0,0.0045866514556109905,0.0,27847.439453125
EleutherAI/pythia-70m,5,256,step256,70426624,6,8,68,3,1,0.002922568004578352,0.0,27847.439453125
EleutherAI/pythia-70m,5,256,step256,70426624,6,8,68,3,2,0.003735961625352502,0.0,27847.439453125
EleutherAI/pythia-70m,5,256,step256,70426624,6,8,68,3,3,0.0018296490889042616,0.0,27847.439453125
EleutherAI/pythia-70m,5,256,step256,70426624,6,8,68,3,4,0.006684640422463417,0.0,27847.439453125
EleutherAI/pythia-70m,5,256,step256,70426624,6,8,68,3,5,0.0033018747344613075,0.0,27847.439453125
EleutherAI/pythia-70m,5,256,step256,70426624,6,8,68,3,6,0.0019705570302903652,0.0,27847.439453125
EleutherAI/pythia-70m,5,256,step256,70426624,6,8,68,3,7,0.0062824757769703865,0.0,27847.439453125
EleutherAI/pythia-70m,5,256,step256,70426624,6,8,68,4,0,0.0031602170784026384,0.0,27847.439453125
EleutherAI/pythia-70m,5,256,step256,70426624,6,8,68,4,1,0.005225796718150377,0.0,27847.439453125
EleutherAI/pythia-70m,5,256,step256,70426624,6,8,68,4,2,0.008426431566476822,0.0,27847.439453125
EleutherAI/pythia-70m,5,256,step256,70426624,6,8,68,4,3,0.01252741739153862,0.0,27847.439453125
EleutherAI/pythia-70m,5,256,step256,70426624,6,8,68,4,4,0.01122575905174017,0.0,27847.439453125
EleutherAI/pythia-70m,5,256,step256,70426624,6,8,68,4,5,0.005585945211350918,0.0,27847.439453125
EleutherAI/pythia-70m,5,256,step256,70426624,6,8,68,4,6,0.002888195449486375,0.0,27847.439453125
EleutherAI/pythia-70m,5,256,step256,70426624,6,8,68,4,7,0.007510059513151646,0.0,27847.439453125
EleutherAI/pythia-70m,5,256,step256,70426624,6,8,68,5,0,0.007740926928818226,0.0,27847.439453125
EleutherAI/pythia-70m,5,256,step256,70426624,6,8,68,5,1,0.0071451361291110516,0.0,27847.439453125
EleutherAI/pythia-70m,5,256,step256,70426624,6,8,68,5,2,0.012845238670706749,0.0,27847.439453125
EleutherAI/pythia-70m,5,256,step256,70426624,6,8,68,5,3,0.0030199014581739902,0.0,27847.439453125
EleutherAI/pythia-70m,5,256,step256,70426624,6,8,68,5,4,0.007821450009942055,0.0,27847.439453125
EleutherAI/pythia-70m,5,256,step256,70426624,6,8,68,5,5,0.007557830773293972,0.0,27847.439453125
EleutherAI/pythia-70m,5,256,step256,70426624,6,8,68,5,6,0.00736516946926713,0.0,27847.439453125
EleutherAI/pythia-70m,5,256,step256,70426624,6,8,68,5,7,0.005463702604174614,0.0,27847.439453125
EleutherAI/pythia-70m,5,256,step256,70426624,6,8,69,0,0,0.012536603026092052,0.0,23331.119140625
EleutherAI/pythia-70m,5,256,step256,70426624,6,8,69,0,1,0.013571631163358688,0.0,23331.119140625
EleutherAI/pythia-70m,5,256,step256,70426624,6,8,69,0,2,0.013735643588006496,0.0,23331.119140625
EleutherAI/pythia-70m,5,256,step256,70426624,6,8,69,0,3,0.014053517952561378,0.0,23331.119140625
EleutherAI/pythia-70m,5,256,step256,70426624,6,8,69,0,4,0.014138765633106232,0.0,23331.119140625
EleutherAI/pythia-70m,5,256,step256,70426624,6,8,69,0,5,0.014067165553569794,0.0,23331.119140625
EleutherAI/pythia-70m,5,256,step256,70426624,6,8,69,0,6,0.01390425581485033,0.0,23331.119140625
EleutherAI/pythia-70m,5,256,step256,70426624,6,8,69,0,7,0.0129381213337183,0.0,23331.119140625
EleutherAI/pythia-70m,5,256,step256,70426624,6,8,69,1,0,0.006958466023206711,0.0,23331.119140625
EleutherAI/pythia-70m,5,256,step256,70426624,6,8,69,1,1,0.008228789083659649,0.0,23331.119140625
EleutherAI/pythia-70m,5,256,step256,70426624,6,8,69,1,2,0.010252281092107296,0.0,23331.119140625
EleutherAI/pythia-70m,5,256,step256,70426624,6,8,69,1,3,0.011188889853656292,0.0,23331.119140625
EleutherAI/pythia-70m,5,256,step256,70426624,6,8,69,1,4,0.010028454475104809,0.0,23331.119140625
EleutherAI/pythia-70m,5,256,step256,70426624,6,8,69,1,5,0.007782107684761286,0.0,23331.119140625
EleutherAI/pythia-70m,5,256,step256,70426624,6,8,69,1,6,0.009235707111656666,0.0,23331.119140625
EleutherAI/pythia-70m,5,256,step256,70426624,6,8,69,1,7,0.013281816616654396,0.0,23331.119140625
EleutherAI/pythia-70m,5,256,step256,70426624,6,8,69,2,0,0.0048871166072785854,0.0,23331.119140625
EleutherAI/pythia-70m,5,256,step256,70426624,6,8,69,2,1,0.004808606579899788,0.0,23331.119140625
EleutherAI/pythia-70m,5,256,step256,70426624,6,8,69,2,2,0.0024095072876662016,0.0,23331.119140625
EleutherAI/pythia-70m,5,256,step256,70426624,6,8,69,2,3,0.005401426926255226,0.0,23331.119140625
EleutherAI/pythia-70m,5,256,step256,70426624,6,8,69,2,4,0.011163795366883278,0.0,23331.119140625
EleutherAI/pythia-70m,5,256,step256,70426624,6,8,69,2,5,0.002817757660523057,0.0,23331.119140625
EleutherAI/pythia-70m,5,256,step256,70426624,6,8,69,2,6,0.004376581870019436,0.0,23331.119140625
EleutherAI/pythia-70m,5,256,step256,70426624,6,8,69,2,7,0.006155544891953468,0.0,23331.119140625
EleutherAI/pythia-70m,5,256,step256,70426624,6,8,69,3,0,0.0041655730456113815,0.0,23331.119140625
EleutherAI/pythia-70m,5,256,step256,70426624,6,8,69,3,1,0.003572386223822832,0.0,23331.119140625
EleutherAI/pythia-70m,5,256,step256,70426624,6,8,69,3,2,0.005603400059044361,0.0,23331.119140625
EleutherAI/pythia-70m,5,256,step256,70426624,6,8,69,3,3,0.003306734375655651,0.0,23331.119140625
EleutherAI/pythia-70m,5,256,step256,70426624,6,8,69,3,4,0.010407893918454647,0.0,23331.119140625
EleutherAI/pythia-70m,5,256,step256,70426624,6,8,69,3,5,0.002869612304493785,0.0,23331.119140625
EleutherAI/pythia-70m,5,256,step256,70426624,6,8,69,3,6,0.0021401308476924896,0.0,23331.119140625
EleutherAI/pythia-70m,5,256,step256,70426624,6,8,69,3,7,0.00999960396438837,0.0,23331.119140625
EleutherAI/pythia-70m,5,256,step256,70426624,6,8,69,4,0,0.002498926827684045,0.0,23331.119140625
EleutherAI/pythia-70m,5,256,step256,70426624,6,8,69,4,1,0.0051456172950565815,0.0,23331.119140625
EleutherAI/pythia-70m,5,256,step256,70426624,6,8,69,4,2,0.0077542406506836414,0.0,23331.119140625
EleutherAI/pythia-70m,5,256,step256,70426624,6,8,69,4,3,0.013993111439049244,0.0,23331.119140625
EleutherAI/pythia-70m,5,256,step256,70426624,6,8,69,4,4,0.009815530851483345,0.0,23331.119140625
EleutherAI/pythia-70m,5,256,step256,70426624,6,8,69,4,5,0.00536599475890398,0.0,23331.119140625
EleutherAI/pythia-70m,5,256,step256,70426624,6,8,69,4,6,0.004902232438325882,0.0,23331.119140625
EleutherAI/pythia-70m,5,256,step256,70426624,6,8,69,4,7,0.006758539471775293,0.0,23331.119140625
EleutherAI/pythia-70m,5,256,step256,70426624,6,8,69,5,0,0.005659592337906361,0.0,23331.119140625
EleutherAI/pythia-70m,5,256,step256,70426624,6,8,69,5,1,0.011744482442736626,0.0,23331.119140625
EleutherAI/pythia-70m,5,256,step256,70426624,6,8,69,5,2,0.010530038736760616,0.0,23331.119140625
EleutherAI/pythia-70m,5,256,step256,70426624,6,8,69,5,3,0.0016676883678883314,0.0,23331.119140625
EleutherAI/pythia-70m,5,256,step256,70426624,6,8,69,5,4,0.00782583374530077,0.0,23331.119140625
EleutherAI/pythia-70m,5,256,step256,70426624,6,8,69,5,5,0.004820946138352156,0.0,23331.119140625
EleutherAI/pythia-70m,5,256,step256,70426624,6,8,69,5,6,0.00639283237978816,0.0,23331.119140625
EleutherAI/pythia-70m,5,256,step256,70426624,6,8,69,5,7,0.005063797812908888,0.0,23331.119140625
EleutherAI/pythia-70m,5,256,step256,70426624,6,8,70,0,0,0.01486883033066988,0.0,25764.83984375
EleutherAI/pythia-70m,5,256,step256,70426624,6,8,70,0,1,0.014175827614963055,0.0,25764.83984375
EleutherAI/pythia-70m,5,256,step256,70426624,6,8,70,0,2,0.014727450907230377,0.0,25764.83984375
EleutherAI/pythia-70m,5,256,step256,70426624,6,8,70,0,3,0.014306111261248589,0.0,25764.83984375
EleutherAI/pythia-70m,5,256,step256,70426624,6,8,70,0,4,0.012845844961702824,0.0,25764.83984375
EleutherAI/pythia-70m,5,256,step256,70426624,6,8,70,0,5,0.013010557740926743,0.0,25764.83984375
EleutherAI/pythia-70m,5,256,step256,70426624,6,8,70,0,6,0.013565514236688614,0.0,25764.83984375
EleutherAI/pythia-70m,5,256,step256,70426624,6,8,70,0,7,0.012957710772752762,0.0,25764.83984375
EleutherAI/pythia-70m,5,256,step256,70426624,6,8,70,1,0,0.008976629935204983,0.0,25764.83984375
EleutherAI/pythia-70m,5,256,step256,70426624,6,8,70,1,1,0.010240201838314533,0.0,25764.83984375
EleutherAI/pythia-70m,5,256,step256,70426624,6,8,70,1,2,0.009789637289941311,0.0,25764.83984375
EleutherAI/pythia-70m,5,256,step256,70426624,6,8,70,1,3,0.014090584591031075,0.0,25764.83984375
EleutherAI/pythia-70m,5,256,step256,70426624,6,8,70,1,4,0.010031571611762047,0.0,25764.83984375
EleutherAI/pythia-70m,5,256,step256,70426624,6,8,70,1,5,0.007661720737814903,0.0,25764.83984375
EleutherAI/pythia-70m,5,256,step256,70426624,6,8,70,1,6,0.010602006688714027,0.0,25764.83984375
EleutherAI/pythia-70m,5,256,step256,70426624,6,8,70,1,7,0.010966279543936253,0.0,25764.83984375
EleutherAI/pythia-70m,5,256,step256,70426624,6,8,70,2,0,0.007367889396846294,0.0,25764.83984375
EleutherAI/pythia-70m,5,256,step256,70426624,6,8,70,2,1,0.0069134910590946674,0.0,25764.83984375
EleutherAI/pythia-70m,5,256,step256,70426624,6,8,70,2,2,0.0023591124918311834,0.0,25764.83984375
EleutherAI/pythia-70m,5,256,step256,70426624,6,8,70,2,3,0.005526544526219368,0.0,25764.83984375
EleutherAI/pythia-70m,5,256,step256,70426624,6,8,70,2,4,0.010617989115417004,0.0,25764.83984375
EleutherAI/pythia-70m,5,256,step256,70426624,6,8,70,2,5,0.004778997972607613,0.0,25764.83984375
EleutherAI/pythia-70m,5,256,step256,70426624,6,8,70,2,6,0.005781739484518766,0.0,25764.83984375
EleutherAI/pythia-70m,5,256,step256,70426624,6,8,70,2,7,0.008597000502049923,0.0,25764.83984375
EleutherAI/pythia-70m,5,256,step256,70426624,6,8,70,3,0,0.002022695727646351,0.0,25764.83984375
EleutherAI/pythia-70m,5,256,step256,70426624,6,8,70,3,1,0.003259544726461172,0.0,25764.83984375
EleutherAI/pythia-70m,5,256,step256,70426624,6,8,70,3,2,0.005233876872807741,0.0,25764.83984375
EleutherAI/pythia-70m,5,256,step256,70426624,6,8,70,3,3,0.0013527151895686984,0.0,25764.83984375
EleutherAI/pythia-70m,5,256,step256,70426624,6,8,70,3,4,0.007489068899303675,0.0,25764.83984375
EleutherAI/pythia-70m,5,256,step256,70426624,6,8,70,3,5,0.0029490571469068527,0.0,25764.83984375
EleutherAI/pythia-70m,5,256,step256,70426624,6,8,70,3,6,0.003213084302842617,0.0,25764.83984375
EleutherAI/pythia-70m,5,256,step256,70426624,6,8,70,3,7,0.00875744316726923,0.0,25764.83984375
EleutherAI/pythia-70m,5,256,step256,70426624,6,8,70,4,0,0.0028335130773484707,0.0,25764.83984375
EleutherAI/pythia-70m,5,256,step256,70426624,6,8,70,4,1,0.0065782624296844006,0.0,25764.83984375
EleutherAI/pythia-70m,5,256,step256,70426624,6,8,70,4,2,0.009517349302768707,0.0,25764.83984375
EleutherAI/pythia-70m,5,256,step256,70426624,6,8,70,4,3,0.013490250334143639,0.0,25764.83984375
EleutherAI/pythia-70m,5,256,step256,70426624,6,8,70,4,4,0.010786931961774826,0.0,25764.83984375
EleutherAI/pythia-70m,5,256,step256,70426624,6,8,70,4,5,0.004957679659128189,0.0,25764.83984375
EleutherAI/pythia-70m,5,256,step256,70426624,6,8,70,4,6,0.0028113198932260275,0.0,25764.83984375
EleutherAI/pythia-70m,5,256,step256,70426624,6,8,70,4,7,0.006307406350970268,0.0,25764.83984375
EleutherAI/pythia-70m,5,256,step256,70426624,6,8,70,5,0,0.006963023915886879,0.0,25764.83984375
EleutherAI/pythia-70m,5,256,step256,70426624,6,8,70,5,1,0.0048624989576637745,0.0,25764.83984375
EleutherAI/pythia-70m,5,256,step256,70426624,6,8,70,5,2,0.010563068091869354,0.0,25764.83984375
EleutherAI/pythia-70m,5,256,step256,70426624,6,8,70,5,3,0.002154696499928832,0.0,25764.83984375
EleutherAI/pythia-70m,5,256,step256,70426624,6,8,70,5,4,0.006355208344757557,0.0,25764.83984375
EleutherAI/pythia-70m,5,256,step256,70426624,6,8,70,5,5,0.0035169003531336784,0.0,25764.83984375
EleutherAI/pythia-70m,5,256,step256,70426624,6,8,70,5,6,0.005751445889472961,0.0,25764.83984375
EleutherAI/pythia-70m,5,256,step256,70426624,6,8,70,5,7,0.005138293374329805,0.0,25764.83984375
EleutherAI/pythia-70m,5,256,step256,70426624,6,8,71,0,0,0.01450568437576294,0.0,25981.640625
EleutherAI/pythia-70m,5,256,step256,70426624,6,8,71,0,1,0.012877264060080051,0.0,25981.640625
EleutherAI/pythia-70m,5,256,step256,70426624,6,8,71,0,2,0.012479457072913647,0.0,25981.640625
EleutherAI/pythia-70m,5,256,step256,70426624,6,8,71,0,3,0.014476945623755455,0.0,25981.640625
EleutherAI/pythia-70m,5,256,step256,70426624,6,8,71,0,4,0.012825237587094307,0.0,25981.640625
EleutherAI/pythia-70m,5,256,step256,70426624,6,8,71,0,5,0.013098803348839283,0.0,25981.640625
EleutherAI/pythia-70m,5,256,step256,70426624,6,8,71,0,6,0.012795312330126762,0.0,25981.640625
EleutherAI/pythia-70m,5,256,step256,70426624,6,8,71,0,7,0.014619600027799606,0.0,25981.640625
EleutherAI/pythia-70m,5,256,step256,70426624,6,8,71,1,0,0.008129965513944626,0.0,25981.640625
EleutherAI/pythia-70m,5,256,step256,70426624,6,8,71,1,1,0.008424336090683937,0.0,25981.640625
EleutherAI/pythia-70m,5,256,step256,70426624,6,8,71,1,2,0.010124197229743004,0.0,25981.640625
EleutherAI/pythia-70m,5,256,step256,70426624,6,8,71,1,3,0.01269651297479868,0.0,25981.640625
EleutherAI/pythia-70m,5,256,step256,70426624,6,8,71,1,4,0.009832704439759254,0.0,25981.640625
EleutherAI/pythia-70m,5,256,step256,70426624,6,8,71,1,5,0.00731281703338027,0.0,25981.640625
EleutherAI/pythia-70m,5,256,step256,70426624,6,8,71,1,6,0.010188405402004719,0.0,25981.640625
EleutherAI/pythia-70m,5,256,step256,70426624,6,8,71,1,7,0.010638597421348095,0.0,25981.640625
EleutherAI/pythia-70m,5,256,step256,70426624,6,8,71,2,0,0.007013910450041294,0.0,25981.640625
EleutherAI/pythia-70m,5,256,step256,70426624,6,8,71,2,1,0.005992235150188208,0.0,25981.640625
EleutherAI/pythia-70m,5,256,step256,70426624,6,8,71,2,2,0.002938668243587017,0.0,25981.640625
EleutherAI/pythia-70m,5,256,step256,70426624,6,8,71,2,3,0.005957024171948433,0.0,25981.640625
EleutherAI/pythia-70m,5,256,step256,70426624,6,8,71,2,4,0.007689101155847311,0.0,25981.640625
EleutherAI/pythia-70m,5,256,step256,70426624,6,8,71,2,5,0.005932819098234177,0.0,25981.640625
EleutherAI/pythia-70m,5,256,step256,70426624,6,8,71,2,6,0.004469228442758322,0.0,25981.640625
EleutherAI/pythia-70m,5,256,step256,70426624,6,8,71,2,7,0.00760479224845767,0.0,25981.640625
EleutherAI/pythia-70m,5,256,step256,70426624,6,8,71,3,0,0.0019923620857298374,0.0,25981.640625
EleutherAI/pythia-70m,5,256,step256,70426624,6,8,71,3,1,0.002628014190122485,0.0,25981.640625
EleutherAI/pythia-70m,5,256,step256,70426624,6,8,71,3,2,0.0040741534903645515,0.0,25981.640625
EleutherAI/pythia-70m,5,256,step256,70426624,6,8,71,3,3,0.0016314404783770442,0.0,25981.640625
EleutherAI/pythia-70m,5,256,step256,70426624,6,8,71,3,4,0.006631840020418167,0.0,25981.640625
EleutherAI/pythia-70m,5,256,step256,70426624,6,8,71,3,5,0.0023726706858724356,0.0,25981.640625
EleutherAI/pythia-70m,5,256,step256,70426624,6,8,71,3,6,0.0019051710842177272,0.0,25981.640625
EleutherAI/pythia-70m,5,256,step256,70426624,6,8,71,3,7,0.00797876063734293,0.0,25981.640625
EleutherAI/pythia-70m,5,256,step256,70426624,6,8,71,4,0,0.0028805730398744345,0.0,25981.640625
EleutherAI/pythia-70m,5,256,step256,70426624,6,8,71,4,1,0.008440131321549416,0.0,25981.640625
EleutherAI/pythia-70m,5,256,step256,70426624,6,8,71,4,2,0.009032041765749454,0.0,25981.640625
EleutherAI/pythia-70m,5,256,step256,70426624,6,8,71,4,3,0.01469419989734888,0.0,25981.640625
EleutherAI/pythia-70m,5,256,step256,70426624,6,8,71,4,4,0.009998067282140255,0.0,25981.640625
EleutherAI/pythia-70m,5,256,step256,70426624,6,8,71,4,5,0.006324585061520338,0.0,25981.640625
EleutherAI/pythia-70m,5,256,step256,70426624,6,8,71,4,6,0.003294431371614337,0.0,25981.640625
EleutherAI/pythia-70m,5,256,step256,70426624,6,8,71,4,7,0.004441187251359224,0.0,25981.640625
EleutherAI/pythia-70m,5,256,step256,70426624,6,8,71,5,0,0.00948138814419508,0.0,25981.640625
EleutherAI/pythia-70m,5,256,step256,70426624,6,8,71,5,1,0.006478330586105585,0.0,25981.640625
EleutherAI/pythia-70m,5,256,step256,70426624,6,8,71,5,2,0.010075027123093605,0.0,25981.640625
EleutherAI/pythia-70m,5,256,step256,70426624,6,8,71,5,3,0.002854715334251523,0.0,25981.640625
EleutherAI/pythia-70m,5,256,step256,70426624,6,8,71,5,4,0.011782463639974594,0.0,25981.640625
EleutherAI/pythia-70m,5,256,step256,70426624,6,8,71,5,5,0.005275299772620201,0.0,25981.640625
EleutherAI/pythia-70m,5,256,step256,70426624,6,8,71,5,6,0.0056249964982271194,0.0,25981.640625
EleutherAI/pythia-70m,5,256,step256,70426624,6,8,71,5,7,0.005441883113235235,0.0,25981.640625
EleutherAI/pythia-70m,5,256,step256,70426624,6,8,72,0,0,0.013645030558109283,0.0,28329.939453125
EleutherAI/pythia-70m,5,256,step256,70426624,6,8,72,0,1,0.014230224303901196,0.0,28329.939453125
EleutherAI/pythia-70m,5,256,step256,70426624,6,8,72,0,2,0.014250037260353565,0.0,28329.939453125
EleutherAI/pythia-70m,5,256,step256,70426624,6,8,72,0,3,0.01241919957101345,0.0,28329.939453125
EleutherAI/pythia-70m,5,256,step256,70426624,6,8,72,0,4,0.0130716348066926,0.0,28329.939453125
EleutherAI/pythia-70m,5,256,step256,70426624,6,8,72,0,5,0.014755095355212688,0.0,28329.939453125
EleutherAI/pythia-70m,5,256,step256,70426624,6,8,72,0,6,0.01512282807379961,0.0,28329.939453125
EleutherAI/pythia-70m,5,256,step256,70426624,6,8,72,0,7,0.014654751867055893,0.0,28329.939453125
EleutherAI/pythia-70m,5,256,step256,70426624,6,8,72,1,0,0.00845997966825962,0.0,28329.939453125
EleutherAI/pythia-70m,5,256,step256,70426624,6,8,72,1,1,0.009621907956898212,0.0,28329.939453125
EleutherAI/pythia-70m,5,256,step256,70426624,6,8,72,1,2,0.010572432540357113,0.0,28329.939453125
EleutherAI/pythia-70m,5,256,step256,70426624,6,8,72,1,3,0.012137899175286293,0.0,28329.939453125
EleutherAI/pythia-70m,5,256,step256,70426624,6,8,72,1,4,0.010190860368311405,0.0,28329.939453125
EleutherAI/pythia-70m,5,256,step256,70426624,6,8,72,1,5,0.006834936793893576,0.0,28329.939453125
EleutherAI/pythia-70m,5,256,step256,70426624,6,8,72,1,6,0.009396672248840332,0.0,28329.939453125
EleutherAI/pythia-70m,5,256,step256,70426624,6,8,72,1,7,0.010892554186284542,0.0,28329.939453125
EleutherAI/pythia-70m,5,256,step256,70426624,6,8,72,2,0,0.005215010605752468,0.0,28329.939453125
EleutherAI/pythia-70m,5,256,step256,70426624,6,8,72,2,1,0.008218866772949696,0.0,28329.939453125
EleutherAI/pythia-70m,5,256,step256,70426624,6,8,72,2,2,0.002830522134900093,0.0,28329.939453125
EleutherAI/pythia-70m,5,256,step256,70426624,6,8,72,2,3,0.006436774507164955,0.0,28329.939453125
EleutherAI/pythia-70m,5,256,step256,70426624,6,8,72,2,4,0.011899318546056747,0.0,28329.939453125
EleutherAI/pythia-70m,5,256,step256,70426624,6,8,72,2,5,0.0047720069997012615,0.0,28329.939453125
EleutherAI/pythia-70m,5,256,step256,70426624,6,8,72,2,6,0.0035408444236963987,0.0,28329.939453125
EleutherAI/pythia-70m,5,256,step256,70426624,6,8,72,2,7,0.0063341534696519375,0.0,28329.939453125
EleutherAI/pythia-70m,5,256,step256,70426624,6,8,72,3,0,0.0034442273899912834,0.0,28329.939453125
EleutherAI/pythia-70m,5,256,step256,70426624,6,8,72,3,1,0.003862057812511921,0.0,28329.939453125
EleutherAI/pythia-70m,5,256,step256,70426624,6,8,72,3,2,0.004764549434185028,0.0,28329.939453125
EleutherAI/pythia-70m,5,256,step256,70426624,6,8,72,3,3,0.0021406286396086216,0.0,28329.939453125
EleutherAI/pythia-70m,5,256,step256,70426624,6,8,72,3,4,0.009974285960197449,0.0,28329.939453125
EleutherAI/pythia-70m,5,256,step256,70426624,6,8,72,3,5,0.0028535493183881044,0.0,28329.939453125
EleutherAI/pythia-70m,5,256,step256,70426624,6,8,72,3,6,0.00272743939422071,0.0,28329.939453125
EleutherAI/pythia-70m,5,256,step256,70426624,6,8,72,3,7,0.009891338646411896,0.0,28329.939453125
EleutherAI/pythia-70m,5,256,step256,70426624,6,8,72,4,0,0.003142522880807519,0.0,28329.939453125
EleutherAI/pythia-70m,5,256,step256,70426624,6,8,72,4,1,0.004012381657958031,0.0,28329.939453125
EleutherAI/pythia-70m,5,256,step256,70426624,6,8,72,4,2,0.009136051870882511,0.0,28329.939453125
EleutherAI/pythia-70m,5,256,step256,70426624,6,8,72,4,3,0.016306661069393158,0.0,28329.939453125
EleutherAI/pythia-70m,5,256,step256,70426624,6,8,72,4,4,0.008722690865397453,0.0,28329.939453125
EleutherAI/pythia-70m,5,256,step256,70426624,6,8,72,4,5,0.002680358476936817,0.0,28329.939453125
EleutherAI/pythia-70m,5,256,step256,70426624,6,8,72,4,6,0.003053882159292698,0.0,28329.939453125
EleutherAI/pythia-70m,5,256,step256,70426624,6,8,72,4,7,0.005079781636595726,0.0,28329.939453125
EleutherAI/pythia-70m,5,256,step256,70426624,6,8,72,5,0,0.005649136379361153,0.0,28329.939453125
EleutherAI/pythia-70m,5,256,step256,70426624,6,8,72,5,1,0.006271521560847759,0.0,28329.939453125
EleutherAI/pythia-70m,5,256,step256,70426624,6,8,72,5,2,0.014575857669115067,0.0,28329.939453125
EleutherAI/pythia-70m,5,256,step256,70426624,6,8,72,5,3,0.002012701239436865,0.0,28329.939453125
EleutherAI/pythia-70m,5,256,step256,70426624,6,8,72,5,4,0.0072364360094070435,0.0,28329.939453125
EleutherAI/pythia-70m,5,256,step256,70426624,6,8,72,5,5,0.004237712826579809,0.0,28329.939453125
EleutherAI/pythia-70m,5,256,step256,70426624,6,8,72,5,6,0.005632694810628891,0.0,28329.939453125
EleutherAI/pythia-70m,5,256,step256,70426624,6,8,72,5,7,0.005554463714361191,0.0,28329.939453125
EleutherAI/pythia-70m,5,256,step256,70426624,6,8,73,0,0,0.013540882617235184,0.0,25634.759765625
EleutherAI/pythia-70m,5,256,step256,70426624,6,8,73,0,1,0.01380348764359951,0.0,25634.759765625
EleutherAI/pythia-70m,5,256,step256,70426624,6,8,73,0,2,0.01206597313284874,0.0,25634.759765625
EleutherAI/pythia-70m,5,256,step256,70426624,6,8,73,0,3,0.012927127070724964,0.0,25634.759765625
EleutherAI/pythia-70m,5,256,step256,70426624,6,8,73,0,4,0.015352219343185425,0.0,25634.759765625
EleutherAI/pythia-70m,5,256,step256,70426624,6,8,73,0,5,0.012670236639678478,0.0,25634.759765625
EleutherAI/pythia-70m,5,256,step256,70426624,6,8,73,0,6,0.014001736417412758,0.0,25634.759765625
EleutherAI/pythia-70m,5,256,step256,70426624,6,8,73,0,7,0.013465485535562038,0.0,25634.759765625
EleutherAI/pythia-70m,5,256,step256,70426624,6,8,73,1,0,0.008028185926377773,0.0,25634.759765625
EleutherAI/pythia-70m,5,256,step256,70426624,6,8,73,1,1,0.009501189924776554,0.0,25634.759765625
EleutherAI/pythia-70m,5,256,step256,70426624,6,8,73,1,2,0.010362589731812477,0.0,25634.759765625
EleutherAI/pythia-70m,5,256,step256,70426624,6,8,73,1,3,0.012903072871267796,0.0,25634.759765625
EleutherAI/pythia-70m,5,256,step256,70426624,6,8,73,1,4,0.009335813112556934,0.0,25634.759765625
EleutherAI/pythia-70m,5,256,step256,70426624,6,8,73,1,5,0.007492741569876671,0.0,25634.759765625
EleutherAI/pythia-70m,5,256,step256,70426624,6,8,73,1,6,0.010583002120256424,0.0,25634.759765625
EleutherAI/pythia-70m,5,256,step256,70426624,6,8,73,1,7,0.009557586163282394,0.0,25634.759765625
EleutherAI/pythia-70m,5,256,step256,70426624,6,8,73,2,0,0.0046434830874204636,0.0,25634.759765625
EleutherAI/pythia-70m,5,256,step256,70426624,6,8,73,2,1,0.006251286715269089,0.0,25634.759765625
EleutherAI/pythia-70m,5,256,step256,70426624,6,8,73,2,2,0.0021974174305796623,0.0,25634.759765625
EleutherAI/pythia-70m,5,256,step256,70426624,6,8,73,2,3,0.00699226139113307,0.0,25634.759765625
EleutherAI/pythia-70m,5,256,step256,70426624,6,8,73,2,4,0.009935292415320873,0.0,25634.759765625
EleutherAI/pythia-70m,5,256,step256,70426624,6,8,73,2,5,0.0033938779961317778,0.0,25634.759765625
EleutherAI/pythia-70m,5,256,step256,70426624,6,8,73,2,6,0.003977165557444096,0.0,25634.759765625
EleutherAI/pythia-70m,5,256,step256,70426624,6,8,73,2,7,0.005746590904891491,0.0,25634.759765625
EleutherAI/pythia-70m,5,256,step256,70426624,6,8,73,3,0,0.0027060573920607567,0.0,25634.759765625
EleutherAI/pythia-70m,5,256,step256,70426624,6,8,73,3,1,0.002392358612269163,0.0,25634.759765625
EleutherAI/pythia-70m,5,256,step256,70426624,6,8,73,3,2,0.005474531557410955,0.0,25634.759765625
EleutherAI/pythia-70m,5,256,step256,70426624,6,8,73,3,3,0.001251456094905734,0.0,25634.759765625
EleutherAI/pythia-70m,5,256,step256,70426624,6,8,73,3,4,0.011785030364990234,0.0,25634.759765625
EleutherAI/pythia-70m,5,256,step256,70426624,6,8,73,3,5,0.00338954571634531,0.0,25634.759765625
EleutherAI/pythia-70m,5,256,step256,70426624,6,8,73,3,6,0.0017262935871258378,0.0,25634.759765625
EleutherAI/pythia-70m,5,256,step256,70426624,6,8,73,3,7,0.007591223809868097,0.0,25634.759765625
EleutherAI/pythia-70m,5,256,step256,70426624,6,8,73,4,0,0.0027583350893110037,0.0,25634.759765625
EleutherAI/pythia-70m,5,256,step256,70426624,6,8,73,4,1,0.0024968087673187256,0.0,25634.759765625
EleutherAI/pythia-70m,5,256,step256,70426624,6,8,73,4,2,0.006081366911530495,0.0,25634.759765625
EleutherAI/pythia-70m,5,256,step256,70426624,6,8,73,4,3,0.012884726747870445,0.0,25634.759765625
EleutherAI/pythia-70m,5,256,step256,70426624,6,8,73,4,4,0.010854360647499561,0.0,25634.759765625
EleutherAI/pythia-70m,5,256,step256,70426624,6,8,73,4,5,0.005917760077863932,0.0,25634.759765625
EleutherAI/pythia-70m,5,256,step256,70426624,6,8,73,4,6,0.003530230140313506,0.0,25634.759765625
EleutherAI/pythia-70m,5,256,step256,70426624,6,8,73,4,7,0.005846457555890083,0.0,25634.759765625
EleutherAI/pythia-70m,5,256,step256,70426624,6,8,73,5,0,0.008894592523574829,0.0,25634.759765625
EleutherAI/pythia-70m,5,256,step256,70426624,6,8,73,5,1,0.0059518045745790005,0.0,25634.759765625
EleutherAI/pythia-70m,5,256,step256,70426624,6,8,73,5,2,0.012294844724237919,0.0,25634.759765625
EleutherAI/pythia-70m,5,256,step256,70426624,6,8,73,5,3,0.0021805164869874716,0.0,25634.759765625
EleutherAI/pythia-70m,5,256,step256,70426624,6,8,73,5,4,0.008554525673389435,0.0,25634.759765625
EleutherAI/pythia-70m,5,256,step256,70426624,6,8,73,5,5,0.005008655600249767,0.0,25634.759765625
EleutherAI/pythia-70m,5,256,step256,70426624,6,8,73,5,6,0.00675550103187561,0.0,25634.759765625
EleutherAI/pythia-70m,5,256,step256,70426624,6,8,73,5,7,0.003646726254373789,0.0,25634.759765625
EleutherAI/pythia-70m,5,256,step256,70426624,6,8,74,0,0,0.015137063339352608,0.0,27155.01953125
EleutherAI/pythia-70m,5,256,step256,70426624,6,8,74,0,1,0.013035639189183712,0.0,27155.01953125
EleutherAI/pythia-70m,5,256,step256,70426624,6,8,74,0,2,0.011656763963401318,0.0,27155.01953125
EleutherAI/pythia-70m,5,256,step256,70426624,6,8,74,0,3,0.014441889710724354,0.0,27155.01953125
EleutherAI/pythia-70m,5,256,step256,70426624,6,8,74,0,4,0.013011684641242027,0.0,27155.01953125
EleutherAI/pythia-70m,5,256,step256,70426624,6,8,74,0,5,0.013883167877793312,0.0,27155.01953125
EleutherAI/pythia-70m,5,256,step256,70426624,6,8,74,0,6,0.014494074508547783,0.0,27155.01953125
EleutherAI/pythia-70m,5,256,step256,70426624,6,8,74,0,7,0.015820052474737167,0.0,27155.01953125
EleutherAI/pythia-70m,5,256,step256,70426624,6,8,74,1,0,0.007527660578489304,0.0,27155.01953125
EleutherAI/pythia-70m,5,256,step256,70426624,6,8,74,1,1,0.009038969874382019,0.0,27155.01953125
EleutherAI/pythia-70m,5,256,step256,70426624,6,8,74,1,2,0.01073205005377531,0.0,27155.01953125
EleutherAI/pythia-70m,5,256,step256,70426624,6,8,74,1,3,0.0118770906701684,0.0,27155.01953125
EleutherAI/pythia-70m,5,256,step256,70426624,6,8,74,1,4,0.008754052221775055,0.0,27155.01953125
EleutherAI/pythia-70m,5,256,step256,70426624,6,8,74,1,5,0.0077475812286138535,0.0,27155.01953125
EleutherAI/pythia-70m,5,256,step256,70426624,6,8,74,1,6,0.009849006310105324,0.0,27155.01953125
EleutherAI/pythia-70m,5,256,step256,70426624,6,8,74,1,7,0.01220778189599514,0.0,27155.01953125
EleutherAI/pythia-70m,5,256,step256,70426624,6,8,74,2,0,0.006822995375841856,0.0,27155.01953125
EleutherAI/pythia-70m,5,256,step256,70426624,6,8,74,2,1,0.006809041369706392,0.0,27155.01953125
EleutherAI/pythia-70m,5,256,step256,70426624,6,8,74,2,2,0.002781116869300604,0.0,27155.01953125
EleutherAI/pythia-70m,5,256,step256,70426624,6,8,74,2,3,0.005941207520663738,0.0,27155.01953125
EleutherAI/pythia-70m,5,256,step256,70426624,6,8,74,2,4,0.011977498419582844,0.0,27155.01953125
EleutherAI/pythia-70m,5,256,step256,70426624,6,8,74,2,5,0.004017090890556574,0.0,27155.01953125
EleutherAI/pythia-70m,5,256,step256,70426624,6,8,74,2,6,0.003669499419629574,0.0,27155.01953125
EleutherAI/pythia-70m,5,256,step256,70426624,6,8,74,2,7,0.006143208127468824,0.0,27155.01953125
EleutherAI/pythia-70m,5,256,step256,70426624,6,8,74,3,0,0.004186082631349564,0.0,27155.01953125
EleutherAI/pythia-70m,5,256,step256,70426624,6,8,74,3,1,0.0032426512334495783,0.0,27155.01953125
EleutherAI/pythia-70m,5,256,step256,70426624,6,8,74,3,2,0.004183690994977951,0.0,27155.01953125
EleutherAI/pythia-70m,5,256,step256,70426624,6,8,74,3,3,0.0015359087847173214,0.0,27155.01953125
EleutherAI/pythia-70m,5,256,step256,70426624,6,8,74,3,4,0.008027566596865654,0.0,27155.01953125
EleutherAI/pythia-70m,5,256,step256,70426624,6,8,74,3,5,0.0036681347992271185,0.0,27155.01953125
EleutherAI/pythia-70m,5,256,step256,70426624,6,8,74,3,6,0.002975775860249996,0.0,27155.01953125
EleutherAI/pythia-70m,5,256,step256,70426624,6,8,74,3,7,0.009202501736581326,0.0,27155.01953125
EleutherAI/pythia-70m,5,256,step256,70426624,6,8,74,4,0,0.0025697683449834585,0.0,27155.01953125
EleutherAI/pythia-70m,5,256,step256,70426624,6,8,74,4,1,0.0036922888830304146,0.0,27155.01953125
EleutherAI/pythia-70m,5,256,step256,70426624,6,8,74,4,2,0.007470077369362116,0.0,27155.01953125
EleutherAI/pythia-70m,5,256,step256,70426624,6,8,74,4,3,0.013693731278181076,0.0,27155.01953125
EleutherAI/pythia-70m,5,256,step256,70426624,6,8,74,4,4,0.011267944239079952,0.0,27155.01953125
EleutherAI/pythia-70m,5,256,step256,70426624,6,8,74,4,5,0.00325504457578063,0.0,27155.01953125
EleutherAI/pythia-70m,5,256,step256,70426624,6,8,74,4,6,0.003565380582585931,0.0,27155.01953125
EleutherAI/pythia-70m,5,256,step256,70426624,6,8,74,4,7,0.005138820502907038,0.0,27155.01953125
EleutherAI/pythia-70m,5,256,step256,70426624,6,8,74,5,0,0.007460304070264101,0.0,27155.01953125
EleutherAI/pythia-70m,5,256,step256,70426624,6,8,74,5,1,0.006349892821162939,0.0,27155.01953125
EleutherAI/pythia-70m,5,256,step256,70426624,6,8,74,5,2,0.012633737176656723,0.0,27155.01953125
EleutherAI/pythia-70m,5,256,step256,70426624,6,8,74,5,3,0.0013906698441132903,0.0,27155.01953125
EleutherAI/pythia-70m,5,256,step256,70426624,6,8,74,5,4,0.008205858059227467,0.0,27155.01953125
EleutherAI/pythia-70m,5,256,step256,70426624,6,8,74,5,5,0.003904415760189295,0.0,27155.01953125
EleutherAI/pythia-70m,5,256,step256,70426624,6,8,74,5,6,0.006198817398399115,0.0,27155.01953125
EleutherAI/pythia-70m,5,256,step256,70426624,6,8,74,5,7,0.004228285048156977,0.0,27155.01953125
EleutherAI/pythia-70m,5,256,step256,70426624,6,8,75,0,0,0.013556319288909435,0.0,23825.919921875
EleutherAI/pythia-70m,5,256,step256,70426624,6,8,75,0,1,0.013565575703978539,0.0,23825.919921875
EleutherAI/pythia-70m,5,256,step256,70426624,6,8,75,0,2,0.013878442347049713,0.0,23825.919921875
EleutherAI/pythia-70m,5,256,step256,70426624,6,8,75,0,3,0.014128290116786957,0.0,23825.919921875
EleutherAI/pythia-70m,5,256,step256,70426624,6,8,75,0,4,0.013297631405293941,0.0,23825.919921875
EleutherAI/pythia-70m,5,256,step256,70426624,6,8,75,0,5,0.013400509022176266,0.0,23825.919921875
EleutherAI/pythia-70m,5,256,step256,70426624,6,8,75,0,6,0.01378854550421238,0.0,23825.919921875
EleutherAI/pythia-70m,5,256,step256,70426624,6,8,75,0,7,0.015134487301111221,0.0,23825.919921875
EleutherAI/pythia-70m,5,256,step256,70426624,6,8,75,1,0,0.006770099978893995,0.0,23825.919921875
EleutherAI/pythia-70m,5,256,step256,70426624,6,8,75,1,1,0.010481394827365875,0.0,23825.919921875
EleutherAI/pythia-70m,5,256,step256,70426624,6,8,75,1,2,0.010774637572467327,0.0,23825.919921875
EleutherAI/pythia-70m,5,256,step256,70426624,6,8,75,1,3,0.011645853519439697,0.0,23825.919921875
EleutherAI/pythia-70m,5,256,step256,70426624,6,8,75,1,4,0.008693466894328594,0.0,23825.919921875
EleutherAI/pythia-70m,5,256,step256,70426624,6,8,75,1,5,0.00786677934229374,0.0,23825.919921875
EleutherAI/pythia-70m,5,256,step256,70426624,6,8,75,1,6,0.010375210084021091,0.0,23825.919921875
EleutherAI/pythia-70m,5,256,step256,70426624,6,8,75,1,7,0.010508950799703598,0.0,23825.919921875
EleutherAI/pythia-70m,5,256,step256,70426624,6,8,75,2,0,0.005457333754748106,0.0,23825.919921875
EleutherAI/pythia-70m,5,256,step256,70426624,6,8,75,2,1,0.007814855314791203,0.0,23825.919921875
EleutherAI/pythia-70m,5,256,step256,70426624,6,8,75,2,2,0.0028399943839758635,0.0,23825.919921875
EleutherAI/pythia-70m,5,256,step256,70426624,6,8,75,2,3,0.0062333764508366585,0.0,23825.919921875
EleutherAI/pythia-70m,5,256,step256,70426624,6,8,75,2,4,0.010941095650196075,0.0,23825.919921875
EleutherAI/pythia-70m,5,256,step256,70426624,6,8,75,2,5,0.0054525043815374374,0.0,23825.919921875
EleutherAI/pythia-70m,5,256,step256,70426624,6,8,75,2,6,0.0046990616247057915,0.0,23825.919921875
EleutherAI/pythia-70m,5,256,step256,70426624,6,8,75,2,7,0.007204875815659761,0.0,23825.919921875
EleutherAI/pythia-70m,5,256,step256,70426624,6,8,75,3,0,0.0031423522159457207,0.0,23825.919921875
EleutherAI/pythia-70m,5,256,step256,70426624,6,8,75,3,1,0.0031367349438369274,0.0,23825.919921875
EleutherAI/pythia-70m,5,256,step256,70426624,6,8,75,3,2,0.0066261268220841885,0.0,23825.919921875
EleutherAI/pythia-70m,5,256,step256,70426624,6,8,75,3,3,0.0025414698757231236,0.0,23825.919921875
EleutherAI/pythia-70m,5,256,step256,70426624,6,8,75,3,4,0.0061790114268660545,0.0,23825.919921875
EleutherAI/pythia-70m,5,256,step256,70426624,6,8,75,3,5,0.0034103840589523315,0.0,23825.919921875
EleutherAI/pythia-70m,5,256,step256,70426624,6,8,75,3,6,0.0018735449993982911,0.0,23825.919921875
EleutherAI/pythia-70m,5,256,step256,70426624,6,8,75,3,7,0.011808233335614204,0.0,23825.919921875
EleutherAI/pythia-70m,5,256,step256,70426624,6,8,75,4,0,0.0023923779372125864,0.0,23825.919921875
EleutherAI/pythia-70m,5,256,step256,70426624,6,8,75,4,1,0.006142701953649521,0.0,23825.919921875
EleutherAI/pythia-70m,5,256,step256,70426624,6,8,75,4,2,0.011547551490366459,0.0,23825.919921875
EleutherAI/pythia-70m,5,256,step256,70426624,6,8,75,4,3,0.01635347679257393,0.0,23825.919921875
EleutherAI/pythia-70m,5,256,step256,70426624,6,8,75,4,4,0.011910763569176197,0.0,23825.919921875
EleutherAI/pythia-70m,5,256,step256,70426624,6,8,75,4,5,0.005102919414639473,0.0,23825.919921875
EleutherAI/pythia-70m,5,256,step256,70426624,6,8,75,4,6,0.004401275422424078,0.0,23825.919921875
EleutherAI/pythia-70m,5,256,step256,70426624,6,8,75,4,7,0.007288083434104919,0.0,23825.919921875
EleutherAI/pythia-70m,5,256,step256,70426624,6,8,75,5,0,0.008802095428109169,0.0,23825.919921875
EleutherAI/pythia-70m,5,256,step256,70426624,6,8,75,5,1,0.010242991149425507,0.0,23825.919921875
EleutherAI/pythia-70m,5,256,step256,70426624,6,8,75,5,2,0.010444738902151585,0.0,23825.919921875
EleutherAI/pythia-70m,5,256,step256,70426624,6,8,75,5,3,0.003626157296821475,0.0,23825.919921875
EleutherAI/pythia-70m,5,256,step256,70426624,6,8,75,5,4,0.0069198040291666985,0.0,23825.919921875
EleutherAI/pythia-70m,5,256,step256,70426624,6,8,75,5,5,0.004162115510553122,0.0,23825.919921875
EleutherAI/pythia-70m,5,256,step256,70426624,6,8,75,5,6,0.007097570225596428,0.0,23825.919921875
EleutherAI/pythia-70m,5,256,step256,70426624,6,8,75,5,7,0.007662835065275431,0.0,23825.919921875
EleutherAI/pythia-70m,5,256,step256,70426624,6,8,76,0,0,0.012646551243960857,0.0,26793.220703125
EleutherAI/pythia-70m,5,256,step256,70426624,6,8,76,0,1,0.012330370955169201,0.0,26793.220703125
EleutherAI/pythia-70m,5,256,step256,70426624,6,8,76,0,2,0.015793202444911003,0.0,26793.220703125
EleutherAI/pythia-70m,5,256,step256,70426624,6,8,76,0,3,0.012125884182751179,0.0,26793.220703125
EleutherAI/pythia-70m,5,256,step256,70426624,6,8,76,0,4,0.015551724471151829,0.0,26793.220703125
EleutherAI/pythia-70m,5,256,step256,70426624,6,8,76,0,5,0.014147213660180569,0.0,26793.220703125
EleutherAI/pythia-70m,5,256,step256,70426624,6,8,76,0,6,0.013982882723212242,0.0,26793.220703125
EleutherAI/pythia-70m,5,256,step256,70426624,6,8,76,0,7,0.013423778116703033,0.0,26793.220703125
EleutherAI/pythia-70m,5,256,step256,70426624,6,8,76,1,0,0.00775886932387948,0.0,26793.220703125
EleutherAI/pythia-70m,5,256,step256,70426624,6,8,76,1,1,0.010747704654932022,0.0,26793.220703125
EleutherAI/pythia-70m,5,256,step256,70426624,6,8,76,1,2,0.009980853646993637,0.0,26793.220703125
EleutherAI/pythia-70m,5,256,step256,70426624,6,8,76,1,3,0.012863137759268284,0.0,26793.220703125
EleutherAI/pythia-70m,5,256,step256,70426624,6,8,76,1,4,0.008375563658773899,0.0,26793.220703125
EleutherAI/pythia-70m,5,256,step256,70426624,6,8,76,1,5,0.006447654217481613,0.0,26793.220703125
EleutherAI/pythia-70m,5,256,step256,70426624,6,8,76,1,6,0.010144331492483616,0.0,26793.220703125
EleutherAI/pythia-70m,5,256,step256,70426624,6,8,76,1,7,0.008992486633360386,0.0,26793.220703125
EleutherAI/pythia-70m,5,256,step256,70426624,6,8,76,2,0,0.005606132559478283,0.0,26793.220703125
EleutherAI/pythia-70m,5,256,step256,70426624,6,8,76,2,1,0.00601809611544013,0.0,26793.220703125
EleutherAI/pythia-70m,5,256,step256,70426624,6,8,76,2,2,0.004032897297292948,0.0,26793.220703125
EleutherAI/pythia-70m,5,256,step256,70426624,6,8,76,2,3,0.007813720963895321,0.0,26793.220703125
EleutherAI/pythia-70m,5,256,step256,70426624,6,8,76,2,4,0.011386986821889877,0.0,26793.220703125
EleutherAI/pythia-70m,5,256,step256,70426624,6,8,76,2,5,0.0041933502070605755,0.0,26793.220703125
EleutherAI/pythia-70m,5,256,step256,70426624,6,8,76,2,6,0.004537490662187338,0.0,26793.220703125
EleutherAI/pythia-70m,5,256,step256,70426624,6,8,76,2,7,0.007318391930311918,0.0,26793.220703125
EleutherAI/pythia-70m,5,256,step256,70426624,6,8,76,3,0,0.003102728631347418,0.0,26793.220703125
EleutherAI/pythia-70m,5,256,step256,70426624,6,8,76,3,1,0.002958462806418538,0.0,26793.220703125
EleutherAI/pythia-70m,5,256,step256,70426624,6,8,76,3,2,0.004860195331275463,0.0,26793.220703125
EleutherAI/pythia-70m,5,256,step256,70426624,6,8,76,3,3,0.001623992808163166,0.0,26793.220703125
EleutherAI/pythia-70m,5,256,step256,70426624,6,8,76,3,4,0.01248480286449194,0.0,26793.220703125
EleutherAI/pythia-70m,5,256,step256,70426624,6,8,76,3,5,0.0035607176832854748,0.0,26793.220703125
EleutherAI/pythia-70m,5,256,step256,70426624,6,8,76,3,6,0.0021521293092519045,0.0,26793.220703125
EleutherAI/pythia-70m,5,256,step256,70426624,6,8,76,3,7,0.011379638686776161,0.0,26793.220703125
EleutherAI/pythia-70m,5,256,step256,70426624,6,8,76,4,0,0.002576794708147645,0.0,26793.220703125
EleutherAI/pythia-70m,5,256,step256,70426624,6,8,76,4,1,0.0023209480568766594,0.0,26793.220703125
EleutherAI/pythia-70m,5,256,step256,70426624,6,8,76,4,2,0.006800841074436903,0.0,26793.220703125
EleutherAI/pythia-70m,5,256,step256,70426624,6,8,76,4,3,0.01466359756886959,0.0,26793.220703125
EleutherAI/pythia-70m,5,256,step256,70426624,6,8,76,4,4,0.008694871328771114,0.0,26793.220703125
EleutherAI/pythia-70m,5,256,step256,70426624,6,8,76,4,5,0.003913104068487883,0.0,26793.220703125
EleutherAI/pythia-70m,5,256,step256,70426624,6,8,76,4,6,0.002807304495945573,0.0,26793.220703125
EleutherAI/pythia-70m,5,256,step256,70426624,6,8,76,4,7,0.007952293381094933,0.0,26793.220703125
EleutherAI/pythia-70m,5,256,step256,70426624,6,8,76,5,0,0.006705067120492458,0.0,26793.220703125
EleutherAI/pythia-70m,5,256,step256,70426624,6,8,76,5,1,0.003981911111623049,0.0,26793.220703125
EleutherAI/pythia-70m,5,256,step256,70426624,6,8,76,5,2,0.012793023139238358,0.0,26793.220703125
EleutherAI/pythia-70m,5,256,step256,70426624,6,8,76,5,3,0.001983051188290119,0.0,26793.220703125
EleutherAI/pythia-70m,5,256,step256,70426624,6,8,76,5,4,0.009174453094601631,0.0,26793.220703125
EleutherAI/pythia-70m,5,256,step256,70426624,6,8,76,5,5,0.0032549649477005005,0.0,26793.220703125
EleutherAI/pythia-70m,5,256,step256,70426624,6,8,76,5,6,0.005051374435424805,0.0,26793.220703125
EleutherAI/pythia-70m,5,256,step256,70426624,6,8,76,5,7,0.003907382022589445,0.0,26793.220703125
EleutherAI/pythia-70m,5,256,step256,70426624,6,8,77,0,0,0.014983680099248886,0.0,27464.80078125
EleutherAI/pythia-70m,5,256,step256,70426624,6,8,77,0,1,0.013150889426469803,0.0,27464.80078125
EleutherAI/pythia-70m,5,256,step256,70426624,6,8,77,0,2,0.013097868300974369,0.0,27464.80078125
EleutherAI/pythia-70m,5,256,step256,70426624,6,8,77,0,3,0.013507205061614513,0.0,27464.80078125
EleutherAI/pythia-70m,5,256,step256,70426624,6,8,77,0,4,0.012301393784582615,0.0,27464.80078125
EleutherAI/pythia-70m,5,256,step256,70426624,6,8,77,0,5,0.014040714129805565,0.0,27464.80078125
EleutherAI/pythia-70m,5,256,step256,70426624,6,8,77,0,6,0.013494533486664295,0.0,27464.80078125
EleutherAI/pythia-70m,5,256,step256,70426624,6,8,77,0,7,0.013964474201202393,0.0,27464.80078125
EleutherAI/pythia-70m,5,256,step256,70426624,6,8,77,1,0,0.007999692112207413,0.0,27464.80078125
EleutherAI/pythia-70m,5,256,step256,70426624,6,8,77,1,1,0.009304434061050415,0.0,27464.80078125
EleutherAI/pythia-70m,5,256,step256,70426624,6,8,77,1,2,0.011464787647128105,0.0,27464.80078125
EleutherAI/pythia-70m,5,256,step256,70426624,6,8,77,1,3,0.011795601807534695,0.0,27464.80078125
EleutherAI/pythia-70m,5,256,step256,70426624,6,8,77,1,4,0.009650442749261856,0.0,27464.80078125
EleutherAI/pythia-70m,5,256,step256,70426624,6,8,77,1,5,0.007679991889744997,0.0,27464.80078125
EleutherAI/pythia-70m,5,256,step256,70426624,6,8,77,1,6,0.010943609289824963,0.0,27464.80078125
EleutherAI/pythia-70m,5,256,step256,70426624,6,8,77,1,7,0.01006412599235773,0.0,27464.80078125
EleutherAI/pythia-70m,5,256,step256,70426624,6,8,77,2,0,0.006980129983276129,0.0,27464.80078125
EleutherAI/pythia-70m,5,256,step256,70426624,6,8,77,2,1,0.007548091467469931,0.0,27464.80078125
EleutherAI/pythia-70m,5,256,step256,70426624,6,8,77,2,2,0.0027477252297103405,0.0,27464.80078125
EleutherAI/pythia-70m,5,256,step256,70426624,6,8,77,2,3,0.007723981514573097,0.0,27464.80078125
EleutherAI/pythia-70m,5,256,step256,70426624,6,8,77,2,4,0.009756705723702908,0.0,27464.80078125
EleutherAI/pythia-70m,5,256,step256,70426624,6,8,77,2,5,0.004397585056722164,0.0,27464.80078125
EleutherAI/pythia-70m,5,256,step256,70426624,6,8,77,2,6,0.005430541001260281,0.0,27464.80078125
EleutherAI/pythia-70m,5,256,step256,70426624,6,8,77,2,7,0.0071924482472240925,0.0,27464.80078125
EleutherAI/pythia-70m,5,256,step256,70426624,6,8,77,3,0,0.0039005449507385492,0.0,27464.80078125
EleutherAI/pythia-70m,5,256,step256,70426624,6,8,77,3,1,0.0040343282744288445,0.0,27464.80078125
EleutherAI/pythia-70m,5,256,step256,70426624,6,8,77,3,2,0.004412058740854263,0.0,27464.80078125
EleutherAI/pythia-70m,5,256,step256,70426624,6,8,77,3,3,0.0024272785522043705,0.0,27464.80078125
EleutherAI/pythia-70m,5,256,step256,70426624,6,8,77,3,4,0.009236757643520832,0.0,27464.80078125
EleutherAI/pythia-70m,5,256,step256,70426624,6,8,77,3,5,0.0030388995073735714,0.0,27464.80078125
EleutherAI/pythia-70m,5,256,step256,70426624,6,8,77,3,6,0.002194065833464265,0.0,27464.80078125
EleutherAI/pythia-70m,5,256,step256,70426624,6,8,77,3,7,0.011057836003601551,0.0,27464.80078125
EleutherAI/pythia-70m,5,256,step256,70426624,6,8,77,4,0,0.002416597679257393,0.0,27464.80078125
EleutherAI/pythia-70m,5,256,step256,70426624,6,8,77,4,1,0.005232663359493017,0.0,27464.80078125
EleutherAI/pythia-70m,5,256,step256,70426624,6,8,77,4,2,0.010486384853720665,0.0,27464.80078125
EleutherAI/pythia-70m,5,256,step256,70426624,6,8,77,4,3,0.01371611375361681,0.0,27464.80078125
EleutherAI/pythia-70m,5,256,step256,70426624,6,8,77,4,4,0.011150946840643883,0.0,27464.80078125
EleutherAI/pythia-70m,5,256,step256,70426624,6,8,77,4,5,0.005692455917596817,0.0,27464.80078125
EleutherAI/pythia-70m,5,256,step256,70426624,6,8,77,4,6,0.003868846222758293,0.0,27464.80078125
EleutherAI/pythia-70m,5,256,step256,70426624,6,8,77,4,7,0.005906367674469948,0.0,27464.80078125
EleutherAI/pythia-70m,5,256,step256,70426624,6,8,77,5,0,0.007492200005799532,0.0,27464.80078125
EleutherAI/pythia-70m,5,256,step256,70426624,6,8,77,5,1,0.0069191427901387215,0.0,27464.80078125
EleutherAI/pythia-70m,5,256,step256,70426624,6,8,77,5,2,0.010215377435088158,0.0,27464.80078125
EleutherAI/pythia-70m,5,256,step256,70426624,6,8,77,5,3,0.002561141736805439,0.0,27464.80078125
EleutherAI/pythia-70m,5,256,step256,70426624,6,8,77,5,4,0.005899133160710335,0.0,27464.80078125
EleutherAI/pythia-70m,5,256,step256,70426624,6,8,77,5,5,0.00570190092548728,0.0,27464.80078125
EleutherAI/pythia-70m,5,256,step256,70426624,6,8,77,5,6,0.00488689262419939,0.0,27464.80078125
EleutherAI/pythia-70m,5,256,step256,70426624,6,8,77,5,7,0.004893723409622908,0.0,27464.80078125
EleutherAI/pythia-70m,5,256,step256,70426624,6,8,78,0,0,0.012492710724473,0.0,22978.279296875
EleutherAI/pythia-70m,5,256,step256,70426624,6,8,78,0,1,0.012858621776103973,0.0,22978.279296875
EleutherAI/pythia-70m,5,256,step256,70426624,6,8,78,0,2,0.01326496247202158,0.0,22978.279296875
EleutherAI/pythia-70m,5,256,step256,70426624,6,8,78,0,3,0.014804600737988949,0.0,22978.279296875
EleutherAI/pythia-70m,5,256,step256,70426624,6,8,78,0,4,0.013990402221679688,0.0,22978.279296875
EleutherAI/pythia-70m,5,256,step256,70426624,6,8,78,0,5,0.014296517707407475,0.0,22978.279296875
EleutherAI/pythia-70m,5,256,step256,70426624,6,8,78,0,6,0.014031436294317245,0.0,22978.279296875
EleutherAI/pythia-70m,5,256,step256,70426624,6,8,78,0,7,0.013379160314798355,0.0,22978.279296875
EleutherAI/pythia-70m,5,256,step256,70426624,6,8,78,1,0,0.007103577721863985,0.0,22978.279296875
EleutherAI/pythia-70m,5,256,step256,70426624,6,8,78,1,1,0.009103995747864246,0.0,22978.279296875
EleutherAI/pythia-70m,5,256,step256,70426624,6,8,78,1,2,0.012475168332457542,0.0,22978.279296875
EleutherAI/pythia-70m,5,256,step256,70426624,6,8,78,1,3,0.01123715378344059,0.0,22978.279296875
EleutherAI/pythia-70m,5,256,step256,70426624,6,8,78,1,4,0.009143334813416004,0.0,22978.279296875
EleutherAI/pythia-70m,5,256,step256,70426624,6,8,78,1,5,0.008291537873446941,0.0,22978.279296875
EleutherAI/pythia-70m,5,256,step256,70426624,6,8,78,1,6,0.008592306636273861,0.0,22978.279296875
EleutherAI/pythia-70m,5,256,step256,70426624,6,8,78,1,7,0.009902771562337875,0.0,22978.279296875
EleutherAI/pythia-70m,5,256,step256,70426624,6,8,78,2,0,0.005780970677733421,0.0,22978.279296875
EleutherAI/pythia-70m,5,256,step256,70426624,6,8,78,2,1,0.005541733466088772,0.0,22978.279296875
EleutherAI/pythia-70m,5,256,step256,70426624,6,8,78,2,2,0.0015451033832505345,0.0,22978.279296875
EleutherAI/pythia-70m,5,256,step256,70426624,6,8,78,2,3,0.00799607578665018,0.0,22978.279296875
EleutherAI/pythia-70m,5,256,step256,70426624,6,8,78,2,4,0.009175462648272514,0.0,22978.279296875
EleutherAI/pythia-70m,5,256,step256,70426624,6,8,78,2,5,0.004583750851452351,0.0,22978.279296875
EleutherAI/pythia-70m,5,256,step256,70426624,6,8,78,2,6,0.0030591669492423534,0.0,22978.279296875
EleutherAI/pythia-70m,5,256,step256,70426624,6,8,78,2,7,0.007066692691296339,0.0,22978.279296875
EleutherAI/pythia-70m,5,256,step256,70426624,6,8,78,3,0,0.002427699975669384,0.0,22978.279296875
EleutherAI/pythia-70m,5,256,step256,70426624,6,8,78,3,1,0.0031662187539041042,0.0,22978.279296875
EleutherAI/pythia-70m,5,256,step256,70426624,6,8,78,3,2,0.004713503643870354,0.0,22978.279296875
EleutherAI/pythia-70m,5,256,step256,70426624,6,8,78,3,3,0.0011486855801194906,0.0,22978.279296875
EleutherAI/pythia-70m,5,256,step256,70426624,6,8,78,3,4,0.006625406909734011,0.0,22978.279296875
EleutherAI/pythia-70m,5,256,step256,70426624,6,8,78,3,5,0.0021857605315744877,0.0,22978.279296875
EleutherAI/pythia-70m,5,256,step256,70426624,6,8,78,3,6,0.0017631263472139835,0.0,22978.279296875
EleutherAI/pythia-70m,5,256,step256,70426624,6,8,78,3,7,0.006820442620664835,0.0,22978.279296875
EleutherAI/pythia-70m,5,256,step256,70426624,6,8,78,4,0,0.001770081464201212,0.0,22978.279296875
EleutherAI/pythia-70m,5,256,step256,70426624,6,8,78,4,1,0.005937984213232994,0.0,22978.279296875
EleutherAI/pythia-70m,5,256,step256,70426624,6,8,78,4,2,0.007014735136181116,0.0,22978.279296875
EleutherAI/pythia-70m,5,256,step256,70426624,6,8,78,4,3,0.01681632548570633,0.0,22978.279296875
EleutherAI/pythia-70m,5,256,step256,70426624,6,8,78,4,4,0.01006991881877184,0.0,22978.279296875
EleutherAI/pythia-70m,5,256,step256,70426624,6,8,78,4,5,0.0031649821903556585,0.0,22978.279296875
EleutherAI/pythia-70m,5,256,step256,70426624,6,8,78,4,6,0.0036758631467819214,0.0,22978.279296875
EleutherAI/pythia-70m,5,256,step256,70426624,6,8,78,4,7,0.005305842030793428,0.0,22978.279296875
EleutherAI/pythia-70m,5,256,step256,70426624,6,8,78,5,0,0.007008811924606562,0.0,22978.279296875
EleutherAI/pythia-70m,5,256,step256,70426624,6,8,78,5,1,0.004524695686995983,0.0,22978.279296875
EleutherAI/pythia-70m,5,256,step256,70426624,6,8,78,5,2,0.017398158088326454,0.0,22978.279296875
EleutherAI/pythia-70m,5,256,step256,70426624,6,8,78,5,3,0.0012427852489054203,0.0,22978.279296875
EleutherAI/pythia-70m,5,256,step256,70426624,6,8,78,5,4,0.008612537756562233,0.0,22978.279296875
EleutherAI/pythia-70m,5,256,step256,70426624,6,8,78,5,5,0.002804529620334506,0.0,22978.279296875
EleutherAI/pythia-70m,5,256,step256,70426624,6,8,78,5,6,0.005615242291241884,0.0,22978.279296875
EleutherAI/pythia-70m,5,256,step256,70426624,6,8,78,5,7,0.005045382305979729,0.0,22978.279296875
EleutherAI/pythia-70m,5,256,step256,70426624,6,8,79,0,0,0.013406777754426003,0.0,23062.220703125
EleutherAI/pythia-70m,5,256,step256,70426624,6,8,79,0,1,0.01395646296441555,0.0,23062.220703125
EleutherAI/pythia-70m,5,256,step256,70426624,6,8,79,0,2,0.013735800050199032,0.0,23062.220703125
EleutherAI/pythia-70m,5,256,step256,70426624,6,8,79,0,3,0.013180170208215714,0.0,23062.220703125
EleutherAI/pythia-70m,5,256,step256,70426624,6,8,79,0,4,0.013681512326002121,0.0,23062.220703125
EleutherAI/pythia-70m,5,256,step256,70426624,6,8,79,0,5,0.01392021868377924,0.0,23062.220703125
EleutherAI/pythia-70m,5,256,step256,70426624,6,8,79,0,6,0.013004468753933907,0.0,23062.220703125
EleutherAI/pythia-70m,5,256,step256,70426624,6,8,79,0,7,0.01412111520767212,0.0,23062.220703125
EleutherAI/pythia-70m,5,256,step256,70426624,6,8,79,1,0,0.006812314968556166,0.0,23062.220703125
EleutherAI/pythia-70m,5,256,step256,70426624,6,8,79,1,1,0.009716826491057873,0.0,23062.220703125
EleutherAI/pythia-70m,5,256,step256,70426624,6,8,79,1,2,0.011120698414742947,0.0,23062.220703125
EleutherAI/pythia-70m,5,256,step256,70426624,6,8,79,1,3,0.011182415299117565,0.0,23062.220703125
EleutherAI/pythia-70m,5,256,step256,70426624,6,8,79,1,4,0.008749207481741905,0.0,23062.220703125
EleutherAI/pythia-70m,5,256,step256,70426624,6,8,79,1,5,0.0074823154136538506,0.0,23062.220703125
EleutherAI/pythia-70m,5,256,step256,70426624,6,8,79,1,6,0.00942945946007967,0.0,23062.220703125
EleutherAI/pythia-70m,5,256,step256,70426624,6,8,79,1,7,0.008381771855056286,0.0,23062.220703125
EleutherAI/pythia-70m,5,256,step256,70426624,6,8,79,2,0,0.006629088427871466,0.0,23062.220703125
EleutherAI/pythia-70m,5,256,step256,70426624,6,8,79,2,1,0.008557104505598545,0.0,23062.220703125
EleutherAI/pythia-70m,5,256,step256,70426624,6,8,79,2,2,0.003757297294214368,0.0,23062.220703125
EleutherAI/pythia-70m,5,256,step256,70426624,6,8,79,2,3,0.0075309365056455135,0.0,23062.220703125
EleutherAI/pythia-70m,5,256,step256,70426624,6,8,79,2,4,0.01260734349489212,0.0,23062.220703125
EleutherAI/pythia-70m,5,256,step256,70426624,6,8,79,2,5,0.003782508661970496,0.0,23062.220703125
EleutherAI/pythia-70m,5,256,step256,70426624,6,8,79,2,6,0.004042663611471653,0.0,23062.220703125
EleutherAI/pythia-70m,5,256,step256,70426624,6,8,79,2,7,0.007023741025477648,0.0,23062.220703125
EleutherAI/pythia-70m,5,256,step256,70426624,6,8,79,3,0,0.003398365341126919,0.0,23062.220703125
EleutherAI/pythia-70m,5,256,step256,70426624,6,8,79,3,1,0.0026973795611411333,0.0,23062.220703125
EleutherAI/pythia-70m,5,256,step256,70426624,6,8,79,3,2,0.006182570941746235,0.0,23062.220703125
EleutherAI/pythia-70m,5,256,step256,70426624,6,8,79,3,3,0.0018257817719131708,0.0,23062.220703125
EleutherAI/pythia-70m,5,256,step256,70426624,6,8,79,3,4,0.00968904234468937,0.0,23062.220703125
EleutherAI/pythia-70m,5,256,step256,70426624,6,8,79,3,5,0.0033558912109583616,0.0,23062.220703125
EleutherAI/pythia-70m,5,256,step256,70426624,6,8,79,3,6,0.002908676164224744,0.0,23062.220703125
EleutherAI/pythia-70m,5,256,step256,70426624,6,8,79,3,7,0.012236768379807472,0.0,23062.220703125
EleutherAI/pythia-70m,5,256,step256,70426624,6,8,79,4,0,0.002610492054373026,0.0,23062.220703125
EleutherAI/pythia-70m,5,256,step256,70426624,6,8,79,4,1,0.005312853958457708,0.0,23062.220703125
EleutherAI/pythia-70m,5,256,step256,70426624,6,8,79,4,2,0.007479601539671421,0.0,23062.220703125
EleutherAI/pythia-70m,5,256,step256,70426624,6,8,79,4,3,0.015743786469101906,0.0,23062.220703125
EleutherAI/pythia-70m,5,256,step256,70426624,6,8,79,4,4,0.010001746006309986,0.0,23062.220703125
EleutherAI/pythia-70m,5,256,step256,70426624,6,8,79,4,5,0.003576618153601885,0.0,23062.220703125
EleutherAI/pythia-70m,5,256,step256,70426624,6,8,79,4,6,0.0044982703402638435,0.0,23062.220703125
EleutherAI/pythia-70m,5,256,step256,70426624,6,8,79,4,7,0.004585884511470795,0.0,23062.220703125
EleutherAI/pythia-70m,5,256,step256,70426624,6,8,79,5,0,0.008642282336950302,0.0,23062.220703125
EleutherAI/pythia-70m,5,256,step256,70426624,6,8,79,5,1,0.006352690514177084,0.0,23062.220703125
EleutherAI/pythia-70m,5,256,step256,70426624,6,8,79,5,2,0.012852597050368786,0.0,23062.220703125
EleutherAI/pythia-70m,5,256,step256,70426624,6,8,79,5,3,0.004001944791525602,0.0,23062.220703125
EleutherAI/pythia-70m,5,256,step256,70426624,6,8,79,5,4,0.006225437391549349,0.0,23062.220703125
EleutherAI/pythia-70m,5,256,step256,70426624,6,8,79,5,5,0.0045027052983641624,0.0,23062.220703125
EleutherAI/pythia-70m,5,256,step256,70426624,6,8,79,5,6,0.00724052032455802,0.0,23062.220703125
EleutherAI/pythia-70m,5,256,step256,70426624,6,8,79,5,7,0.0057714106515049934,0.0,23062.220703125
EleutherAI/pythia-70m,5,256,step256,70426624,6,8,80,0,0,0.01444308739155531,0.0,24762.080078125
EleutherAI/pythia-70m,5,256,step256,70426624,6,8,80,0,1,0.014035659842193127,0.0,24762.080078125
EleutherAI/pythia-70m,5,256,step256,70426624,6,8,80,0,2,0.014025146141648293,0.0,24762.080078125
EleutherAI/pythia-70m,5,256,step256,70426624,6,8,80,0,3,0.015257117338478565,0.0,24762.080078125
EleutherAI/pythia-70m,5,256,step256,70426624,6,8,80,0,4,0.013205396942794323,0.0,24762.080078125
EleutherAI/pythia-70m,5,256,step256,70426624,6,8,80,0,5,0.014688807539641857,0.0,24762.080078125
EleutherAI/pythia-70m,5,256,step256,70426624,6,8,80,0,6,0.015081971883773804,0.0,24762.080078125
EleutherAI/pythia-70m,5,256,step256,70426624,6,8,80,0,7,0.012827374041080475,0.0,24762.080078125
EleutherAI/pythia-70m,5,256,step256,70426624,6,8,80,1,0,0.008215262554585934,0.0,24762.080078125
EleutherAI/pythia-70m,5,256,step256,70426624,6,8,80,1,1,0.00981498695909977,0.0,24762.080078125
EleutherAI/pythia-70m,5,256,step256,70426624,6,8,80,1,2,0.010401930660009384,0.0,24762.080078125
EleutherAI/pythia-70m,5,256,step256,70426624,6,8,80,1,3,0.011311717331409454,0.0,24762.080078125
EleutherAI/pythia-70m,5,256,step256,70426624,6,8,80,1,4,0.009210051037371159,0.0,24762.080078125
EleutherAI/pythia-70m,5,256,step256,70426624,6,8,80,1,5,0.007956205867230892,0.0,24762.080078125
EleutherAI/pythia-70m,5,256,step256,70426624,6,8,80,1,6,0.009903463535010815,0.0,24762.080078125
EleutherAI/pythia-70m,5,256,step256,70426624,6,8,80,1,7,0.012428928166627884,0.0,24762.080078125
EleutherAI/pythia-70m,5,256,step256,70426624,6,8,80,2,0,0.007341322489082813,0.0,24762.080078125
EleutherAI/pythia-70m,5,256,step256,70426624,6,8,80,2,1,0.005021730437874794,0.0,24762.080078125
EleutherAI/pythia-70m,5,256,step256,70426624,6,8,80,2,2,0.002890148665755987,0.0,24762.080078125
EleutherAI/pythia-70m,5,256,step256,70426624,6,8,80,2,3,0.0056938109919428825,0.0,24762.080078125
EleutherAI/pythia-70m,5,256,step256,70426624,6,8,80,2,4,0.008569878526031971,0.0,24762.080078125
EleutherAI/pythia-70m,5,256,step256,70426624,6,8,80,2,5,0.004698398523032665,0.0,24762.080078125
EleutherAI/pythia-70m,5,256,step256,70426624,6,8,80,2,6,0.004273069556802511,0.0,24762.080078125
EleutherAI/pythia-70m,5,256,step256,70426624,6,8,80,2,7,0.007386982440948486,0.0,24762.080078125
EleutherAI/pythia-70m,5,256,step256,70426624,6,8,80,3,0,0.003989738412201405,0.0,24762.080078125
EleutherAI/pythia-70m,5,256,step256,70426624,6,8,80,3,1,0.003314628964290023,0.0,24762.080078125
EleutherAI/pythia-70m,5,256,step256,70426624,6,8,80,3,2,0.003716659266501665,0.0,24762.080078125
EleutherAI/pythia-70m,5,256,step256,70426624,6,8,80,3,3,0.0019385309424251318,0.0,24762.080078125
EleutherAI/pythia-70m,5,256,step256,70426624,6,8,80,3,4,0.007742669433355331,0.0,24762.080078125
EleutherAI/pythia-70m,5,256,step256,70426624,6,8,80,3,5,0.0026935481000691652,0.0,24762.080078125
EleutherAI/pythia-70m,5,256,step256,70426624,6,8,80,3,6,0.0020798086188733578,0.0,24762.080078125
EleutherAI/pythia-70m,5,256,step256,70426624,6,8,80,3,7,0.008151136338710785,0.0,24762.080078125
EleutherAI/pythia-70m,5,256,step256,70426624,6,8,80,4,0,0.0023937702644616365,0.0,24762.080078125
EleutherAI/pythia-70m,5,256,step256,70426624,6,8,80,4,1,0.0073636723682284355,0.0,24762.080078125
EleutherAI/pythia-70m,5,256,step256,70426624,6,8,80,4,2,0.00791238620877266,0.0,24762.080078125
EleutherAI/pythia-70m,5,256,step256,70426624,6,8,80,4,3,0.016398517414927483,0.0,24762.080078125
EleutherAI/pythia-70m,5,256,step256,70426624,6,8,80,4,4,0.011794762685894966,0.0,24762.080078125
EleutherAI/pythia-70m,5,256,step256,70426624,6,8,80,4,5,0.0041950540617108345,0.0,24762.080078125
EleutherAI/pythia-70m,5,256,step256,70426624,6,8,80,4,6,0.004983946215361357,0.0,24762.080078125
EleutherAI/pythia-70m,5,256,step256,70426624,6,8,80,4,7,0.004915290977805853,0.0,24762.080078125
EleutherAI/pythia-70m,5,256,step256,70426624,6,8,80,5,0,0.0072181131690740585,0.0,24762.080078125
EleutherAI/pythia-70m,5,256,step256,70426624,6,8,80,5,1,0.006305921822786331,0.0,24762.080078125
EleutherAI/pythia-70m,5,256,step256,70426624,6,8,80,5,2,0.011343390680849552,0.0,24762.080078125
EleutherAI/pythia-70m,5,256,step256,70426624,6,8,80,5,3,0.002082851715385914,0.0,24762.080078125
EleutherAI/pythia-70m,5,256,step256,70426624,6,8,80,5,4,0.006760290823876858,0.0,24762.080078125
EleutherAI/pythia-70m,5,256,step256,70426624,6,8,80,5,5,0.004937789868563414,0.0,24762.080078125
EleutherAI/pythia-70m,5,256,step256,70426624,6,8,80,5,6,0.005503401625901461,0.0,24762.080078125
EleutherAI/pythia-70m,5,256,step256,70426624,6,8,80,5,7,0.005313709378242493,0.0,24762.080078125
EleutherAI/pythia-70m,5,256,step256,70426624,6,8,81,0,0,0.01471080631017685,0.0,26318.359375
EleutherAI/pythia-70m,5,256,step256,70426624,6,8,81,0,1,0.014173397794365883,0.0,26318.359375
EleutherAI/pythia-70m,5,256,step256,70426624,6,8,81,0,2,0.01480399165302515,0.0,26318.359375
EleutherAI/pythia-70m,5,256,step256,70426624,6,8,81,0,3,0.014160983264446259,0.0,26318.359375
EleutherAI/pythia-70m,5,256,step256,70426624,6,8,81,0,4,0.01394862774759531,0.0,26318.359375
EleutherAI/pythia-70m,5,256,step256,70426624,6,8,81,0,5,0.013890709728002548,0.0,26318.359375
EleutherAI/pythia-70m,5,256,step256,70426624,6,8,81,0,6,0.0130642494186759,0.0,26318.359375
EleutherAI/pythia-70m,5,256,step256,70426624,6,8,81,0,7,0.014591116458177567,0.0,26318.359375
EleutherAI/pythia-70m,5,256,step256,70426624,6,8,81,1,0,0.008691665716469288,0.0,26318.359375
EleutherAI/pythia-70m,5,256,step256,70426624,6,8,81,1,1,0.008958532474935055,0.0,26318.359375
EleutherAI/pythia-70m,5,256,step256,70426624,6,8,81,1,2,0.010614032857120037,0.0,26318.359375
EleutherAI/pythia-70m,5,256,step256,70426624,6,8,81,1,3,0.012468879111111164,0.0,26318.359375
EleutherAI/pythia-70m,5,256,step256,70426624,6,8,81,1,4,0.010100152343511581,0.0,26318.359375
EleutherAI/pythia-70m,5,256,step256,70426624,6,8,81,1,5,0.008928344585001469,0.0,26318.359375
EleutherAI/pythia-70m,5,256,step256,70426624,6,8,81,1,6,0.010638509877026081,0.0,26318.359375
EleutherAI/pythia-70m,5,256,step256,70426624,6,8,81,1,7,0.012089577503502369,0.0,26318.359375
EleutherAI/pythia-70m,5,256,step256,70426624,6,8,81,2,0,0.006781562697142363,0.0,26318.359375
EleutherAI/pythia-70m,5,256,step256,70426624,6,8,81,2,1,0.007843869738280773,0.0,26318.359375
EleutherAI/pythia-70m,5,256,step256,70426624,6,8,81,2,2,0.002951404545456171,0.0,26318.359375
EleutherAI/pythia-70m,5,256,step256,70426624,6,8,81,2,3,0.0060000065714120865,0.0,26318.359375
EleutherAI/pythia-70m,5,256,step256,70426624,6,8,81,2,4,0.01003560796380043,0.0,26318.359375
EleutherAI/pythia-70m,5,256,step256,70426624,6,8,81,2,5,0.006476540118455887,0.0,26318.359375
EleutherAI/pythia-70m,5,256,step256,70426624,6,8,81,2,6,0.004706363193690777,0.0,26318.359375
EleutherAI/pythia-70m,5,256,step256,70426624,6,8,81,2,7,0.00633461307734251,0.0,26318.359375
EleutherAI/pythia-70m,5,256,step256,70426624,6,8,81,3,0,0.0025029934477061033,0.0,26318.359375
EleutherAI/pythia-70m,5,256,step256,70426624,6,8,81,3,1,0.003432884579524398,0.0,26318.359375
EleutherAI/pythia-70m,5,256,step256,70426624,6,8,81,3,2,0.005047786049544811,0.0,26318.359375
EleutherAI/pythia-70m,5,256,step256,70426624,6,8,81,3,3,0.0016559007344767451,0.0,26318.359375
EleutherAI/pythia-70m,5,256,step256,70426624,6,8,81,3,4,0.01273069903254509,0.0,26318.359375
EleutherAI/pythia-70m,5,256,step256,70426624,6,8,81,3,5,0.003791153198108077,0.0,26318.359375
EleutherAI/pythia-70m,5,256,step256,70426624,6,8,81,3,6,0.0021119459997862577,0.0,26318.359375
EleutherAI/pythia-70m,5,256,step256,70426624,6,8,81,3,7,0.007871211506426334,0.0,26318.359375
EleutherAI/pythia-70m,5,256,step256,70426624,6,8,81,4,0,0.0033494860399514437,0.0,26318.359375
EleutherAI/pythia-70m,5,256,step256,70426624,6,8,81,4,1,0.005936679895967245,0.0,26318.359375
EleutherAI/pythia-70m,5,256,step256,70426624,6,8,81,4,2,0.011386778205633163,0.0,26318.359375
EleutherAI/pythia-70m,5,256,step256,70426624,6,8,81,4,3,0.011756546795368195,0.0,26318.359375
EleutherAI/pythia-70m,5,256,step256,70426624,6,8,81,4,4,0.011045102030038834,0.0,26318.359375
EleutherAI/pythia-70m,5,256,step256,70426624,6,8,81,4,5,0.005037092138081789,0.0,26318.359375
EleutherAI/pythia-70m,5,256,step256,70426624,6,8,81,4,6,0.004434134811162949,0.0,26318.359375
EleutherAI/pythia-70m,5,256,step256,70426624,6,8,81,4,7,0.009112443774938583,0.0,26318.359375
EleutherAI/pythia-70m,5,256,step256,70426624,6,8,81,5,0,0.00596504146233201,0.0,26318.359375
EleutherAI/pythia-70m,5,256,step256,70426624,6,8,81,5,1,0.005512883886694908,0.0,26318.359375
EleutherAI/pythia-70m,5,256,step256,70426624,6,8,81,5,2,0.013874885626137257,0.0,26318.359375
EleutherAI/pythia-70m,5,256,step256,70426624,6,8,81,5,3,0.003348099533468485,0.0,26318.359375
EleutherAI/pythia-70m,5,256,step256,70426624,6,8,81,5,4,0.007262985222041607,0.0,26318.359375
EleutherAI/pythia-70m,5,256,step256,70426624,6,8,81,5,5,0.004664161708205938,0.0,26318.359375
EleutherAI/pythia-70m,5,256,step256,70426624,6,8,81,5,6,0.0077669210731983185,0.0,26318.359375
EleutherAI/pythia-70m,5,256,step256,70426624,6,8,81,5,7,0.007157027255743742,0.0,26318.359375
EleutherAI/pythia-70m,5,256,step256,70426624,6,8,82,0,0,0.013178182765841484,0.0,22718.1796875
EleutherAI/pythia-70m,5,256,step256,70426624,6,8,82,0,1,0.012109599076211452,0.0,22718.1796875
EleutherAI/pythia-70m,5,256,step256,70426624,6,8,82,0,2,0.01433782372623682,0.0,22718.1796875
EleutherAI/pythia-70m,5,256,step256,70426624,6,8,82,0,3,0.013201367110013962,0.0,22718.1796875
EleutherAI/pythia-70m,5,256,step256,70426624,6,8,82,0,4,0.012335818260908127,0.0,22718.1796875
EleutherAI/pythia-70m,5,256,step256,70426624,6,8,82,0,5,0.013336344622075558,0.0,22718.1796875
EleutherAI/pythia-70m,5,256,step256,70426624,6,8,82,0,6,0.012855660170316696,0.0,22718.1796875
EleutherAI/pythia-70m,5,256,step256,70426624,6,8,82,0,7,0.014888879843056202,0.0,22718.1796875
EleutherAI/pythia-70m,5,256,step256,70426624,6,8,82,1,0,0.006975281983613968,0.0,22718.1796875
EleutherAI/pythia-70m,5,256,step256,70426624,6,8,82,1,1,0.007685759570449591,0.0,22718.1796875
EleutherAI/pythia-70m,5,256,step256,70426624,6,8,82,1,2,0.01074363011866808,0.0,22718.1796875
EleutherAI/pythia-70m,5,256,step256,70426624,6,8,82,1,3,0.01325574517250061,0.0,22718.1796875
EleutherAI/pythia-70m,5,256,step256,70426624,6,8,82,1,4,0.010476512834429741,0.0,22718.1796875
EleutherAI/pythia-70m,5,256,step256,70426624,6,8,82,1,5,0.009420666843652725,0.0,22718.1796875
EleutherAI/pythia-70m,5,256,step256,70426624,6,8,82,1,6,0.010056030936539173,0.0,22718.1796875
EleutherAI/pythia-70m,5,256,step256,70426624,6,8,82,1,7,0.012504725717008114,0.0,22718.1796875
EleutherAI/pythia-70m,5,256,step256,70426624,6,8,82,2,0,0.007758181542158127,0.0,22718.1796875
EleutherAI/pythia-70m,5,256,step256,70426624,6,8,82,2,1,0.004679128061980009,0.0,22718.1796875
EleutherAI/pythia-70m,5,256,step256,70426624,6,8,82,2,2,0.0024418134707957506,0.0,22718.1796875
EleutherAI/pythia-70m,5,256,step256,70426624,6,8,82,2,3,0.007470909506082535,0.0,22718.1796875
EleutherAI/pythia-70m,5,256,step256,70426624,6,8,82,2,4,0.012335884384810925,0.0,22718.1796875
EleutherAI/pythia-70m,5,256,step256,70426624,6,8,82,2,5,0.003963891416788101,0.0,22718.1796875
EleutherAI/pythia-70m,5,256,step256,70426624,6,8,82,2,6,0.005541205406188965,0.0,22718.1796875
EleutherAI/pythia-70m,5,256,step256,70426624,6,8,82,2,7,0.0046901581808924675,0.0,22718.1796875
EleutherAI/pythia-70m,5,256,step256,70426624,6,8,82,3,0,0.0015995719004422426,0.0,22718.1796875
EleutherAI/pythia-70m,5,256,step256,70426624,6,8,82,3,1,0.0025697764940559864,0.0,22718.1796875
EleutherAI/pythia-70m,5,256,step256,70426624,6,8,82,3,2,0.0030437482055276632,0.0,22718.1796875
EleutherAI/pythia-70m,5,256,step256,70426624,6,8,82,3,3,0.001057709101587534,0.0,22718.1796875
EleutherAI/pythia-70m,5,256,step256,70426624,6,8,82,3,4,0.00551601592451334,0.0,22718.1796875
EleutherAI/pythia-70m,5,256,step256,70426624,6,8,82,3,5,0.0025523665826767683,0.0,22718.1796875
EleutherAI/pythia-70m,5,256,step256,70426624,6,8,82,3,6,0.002098775003105402,0.0,22718.1796875
EleutherAI/pythia-70m,5,256,step256,70426624,6,8,82,3,7,0.00843136478215456,0.0,22718.1796875
EleutherAI/pythia-70m,5,256,step256,70426624,6,8,82,4,0,0.001980944536626339,0.0,22718.1796875
EleutherAI/pythia-70m,5,256,step256,70426624,6,8,82,4,1,0.00395515002310276,0.0,22718.1796875
EleutherAI/pythia-70m,5,256,step256,70426624,6,8,82,4,2,0.007062347140163183,0.0,22718.1796875
EleutherAI/pythia-70m,5,256,step256,70426624,6,8,82,4,3,0.014483105391263962,0.0,22718.1796875
EleutherAI/pythia-70m,5,256,step256,70426624,6,8,82,4,4,0.00863255001604557,0.0,22718.1796875
EleutherAI/pythia-70m,5,256,step256,70426624,6,8,82,4,5,0.002707368228584528,0.0,22718.1796875
EleutherAI/pythia-70m,5,256,step256,70426624,6,8,82,4,6,0.002516508335247636,0.0,22718.1796875
EleutherAI/pythia-70m,5,256,step256,70426624,6,8,82,4,7,0.00632610684260726,0.0,22718.1796875
EleutherAI/pythia-70m,5,256,step256,70426624,6,8,82,5,0,0.006208885461091995,0.0,22718.1796875
EleutherAI/pythia-70m,5,256,step256,70426624,6,8,82,5,1,0.006720267701894045,0.0,22718.1796875
EleutherAI/pythia-70m,5,256,step256,70426624,6,8,82,5,2,0.010053979232907295,0.0,22718.1796875
EleutherAI/pythia-70m,5,256,step256,70426624,6,8,82,5,3,0.002652090275660157,0.0,22718.1796875
EleutherAI/pythia-70m,5,256,step256,70426624,6,8,82,5,4,0.0061454311944544315,0.0,22718.1796875
EleutherAI/pythia-70m,5,256,step256,70426624,6,8,82,5,5,0.006153951399028301,0.0,22718.1796875
EleutherAI/pythia-70m,5,256,step256,70426624,6,8,82,5,6,0.00523020327091217,0.0,22718.1796875
EleutherAI/pythia-70m,5,256,step256,70426624,6,8,82,5,7,0.005390794947743416,0.0,22718.1796875
EleutherAI/pythia-70m,5,256,step256,70426624,6,8,83,0,0,0.013903448358178139,0.0,28078.359375
EleutherAI/pythia-70m,5,256,step256,70426624,6,8,83,0,1,0.014790837652981281,0.0,28078.359375
EleutherAI/pythia-70m,5,256,step256,70426624,6,8,83,0,2,0.014260671101510525,0.0,28078.359375
EleutherAI/pythia-70m,5,256,step256,70426624,6,8,83,0,3,0.013349068351089954,0.0,28078.359375
EleutherAI/pythia-70m,5,256,step256,70426624,6,8,83,0,4,0.01376655139029026,0.0,28078.359375
EleutherAI/pythia-70m,5,256,step256,70426624,6,8,83,0,5,0.01381420623511076,0.0,28078.359375
EleutherAI/pythia-70m,5,256,step256,70426624,6,8,83,0,6,0.013556372374296188,0.0,28078.359375
EleutherAI/pythia-70m,5,256,step256,70426624,6,8,83,0,7,0.012594686821103096,0.0,28078.359375
EleutherAI/pythia-70m,5,256,step256,70426624,6,8,83,1,0,0.00984849315136671,0.0,28078.359375
EleutherAI/pythia-70m,5,256,step256,70426624,6,8,83,1,1,0.00884141307324171,0.0,28078.359375
EleutherAI/pythia-70m,5,256,step256,70426624,6,8,83,1,2,0.010045225732028484,0.0,28078.359375
EleutherAI/pythia-70m,5,256,step256,70426624,6,8,83,1,3,0.01342240534722805,0.0,28078.359375
EleutherAI/pythia-70m,5,256,step256,70426624,6,8,83,1,4,0.008043244481086731,0.0,28078.359375
EleutherAI/pythia-70m,5,256,step256,70426624,6,8,83,1,5,0.007363904733210802,0.0,28078.359375
EleutherAI/pythia-70m,5,256,step256,70426624,6,8,83,1,6,0.010326091200113297,0.0,28078.359375
EleutherAI/pythia-70m,5,256,step256,70426624,6,8,83,1,7,0.010846896097064018,0.0,28078.359375
EleutherAI/pythia-70m,5,256,step256,70426624,6,8,83,2,0,0.0058957492001354694,0.0,28078.359375
EleutherAI/pythia-70m,5,256,step256,70426624,6,8,83,2,1,0.0048898812383413315,0.0,28078.359375
EleutherAI/pythia-70m,5,256,step256,70426624,6,8,83,2,2,0.0031567879486829042,0.0,28078.359375
EleutherAI/pythia-70m,5,256,step256,70426624,6,8,83,2,3,0.0077977608889341354,0.0,28078.359375
EleutherAI/pythia-70m,5,256,step256,70426624,6,8,83,2,4,0.009840091690421104,0.0,28078.359375
EleutherAI/pythia-70m,5,256,step256,70426624,6,8,83,2,5,0.0051324921660125256,0.0,28078.359375
EleutherAI/pythia-70m,5,256,step256,70426624,6,8,83,2,6,0.0047243451699614525,0.0,28078.359375
EleutherAI/pythia-70m,5,256,step256,70426624,6,8,83,2,7,0.008428491652011871,0.0,28078.359375
EleutherAI/pythia-70m,5,256,step256,70426624,6,8,83,3,0,0.004759432282298803,0.0,28078.359375
EleutherAI/pythia-70m,5,256,step256,70426624,6,8,83,3,1,0.0036650521215051413,0.0,28078.359375
EleutherAI/pythia-70m,5,256,step256,70426624,6,8,83,3,2,0.004358287900686264,0.0,28078.359375
EleutherAI/pythia-70m,5,256,step256,70426624,6,8,83,3,3,0.0035414707381278276,0.0,28078.359375
EleutherAI/pythia-70m,5,256,step256,70426624,6,8,83,3,4,0.004523396026343107,0.0,28078.359375
EleutherAI/pythia-70m,5,256,step256,70426624,6,8,83,3,5,0.0032028979621827602,0.0,28078.359375
EleutherAI/pythia-70m,5,256,step256,70426624,6,8,83,3,6,0.001958156004548073,0.0,28078.359375
EleutherAI/pythia-70m,5,256,step256,70426624,6,8,83,3,7,0.009060481563210487,0.0,28078.359375
EleutherAI/pythia-70m,5,256,step256,70426624,6,8,83,4,0,0.003050329629331827,0.0,28078.359375
EleutherAI/pythia-70m,5,256,step256,70426624,6,8,83,4,1,0.005105205811560154,0.0,28078.359375
EleutherAI/pythia-70m,5,256,step256,70426624,6,8,83,4,2,0.00632632989436388,0.0,28078.359375
EleutherAI/pythia-70m,5,256,step256,70426624,6,8,83,4,3,0.014667860232293606,0.0,28078.359375
EleutherAI/pythia-70m,5,256,step256,70426624,6,8,83,4,4,0.008460473269224167,0.0,28078.359375
EleutherAI/pythia-70m,5,256,step256,70426624,6,8,83,4,5,0.004731109831482172,0.0,28078.359375
EleutherAI/pythia-70m,5,256,step256,70426624,6,8,83,4,6,0.0024819110985845327,0.0,28078.359375
EleutherAI/pythia-70m,5,256,step256,70426624,6,8,83,4,7,0.006816750392317772,0.0,28078.359375
EleutherAI/pythia-70m,5,256,step256,70426624,6,8,83,5,0,0.009394827298820019,0.0,28078.359375
EleutherAI/pythia-70m,5,256,step256,70426624,6,8,83,5,1,0.0050589414313435555,0.0,28078.359375
EleutherAI/pythia-70m,5,256,step256,70426624,6,8,83,5,2,0.010218885727226734,0.0,28078.359375
EleutherAI/pythia-70m,5,256,step256,70426624,6,8,83,5,3,0.003984902519732714,0.0,28078.359375
EleutherAI/pythia-70m,5,256,step256,70426624,6,8,83,5,4,0.01001896895468235,0.0,28078.359375
EleutherAI/pythia-70m,5,256,step256,70426624,6,8,83,5,5,0.004397524520754814,0.0,28078.359375
EleutherAI/pythia-70m,5,256,step256,70426624,6,8,83,5,6,0.0067609441466629505,0.0,28078.359375
EleutherAI/pythia-70m,5,256,step256,70426624,6,8,83,5,7,0.004680825863033533,0.0,28078.359375
EleutherAI/pythia-70m,5,256,step256,70426624,6,8,84,0,0,0.01365641225129366,0.0,25023.9609375
EleutherAI/pythia-70m,5,256,step256,70426624,6,8,84,0,1,0.013119152747094631,0.0,25023.9609375
EleutherAI/pythia-70m,5,256,step256,70426624,6,8,84,0,2,0.01373167522251606,0.0,25023.9609375
EleutherAI/pythia-70m,5,256,step256,70426624,6,8,84,0,3,0.013362178578972816,0.0,25023.9609375
EleutherAI/pythia-70m,5,256,step256,70426624,6,8,84,0,4,0.01415575947612524,0.0,25023.9609375
EleutherAI/pythia-70m,5,256,step256,70426624,6,8,84,0,5,0.01401851512491703,0.0,25023.9609375
EleutherAI/pythia-70m,5,256,step256,70426624,6,8,84,0,6,0.014265995472669601,0.0,25023.9609375
EleutherAI/pythia-70m,5,256,step256,70426624,6,8,84,0,7,0.01469214353710413,0.0,25023.9609375
EleutherAI/pythia-70m,5,256,step256,70426624,6,8,84,1,0,0.008514191955327988,0.0,25023.9609375
EleutherAI/pythia-70m,5,256,step256,70426624,6,8,84,1,1,0.008523265831172466,0.0,25023.9609375
EleutherAI/pythia-70m,5,256,step256,70426624,6,8,84,1,2,0.010020975954830647,0.0,25023.9609375
EleutherAI/pythia-70m,5,256,step256,70426624,6,8,84,1,3,0.010548443533480167,0.0,25023.9609375
EleutherAI/pythia-70m,5,256,step256,70426624,6,8,84,1,4,0.009601960889995098,0.0,25023.9609375
EleutherAI/pythia-70m,5,256,step256,70426624,6,8,84,1,5,0.008617785759270191,0.0,25023.9609375
EleutherAI/pythia-70m,5,256,step256,70426624,6,8,84,1,6,0.010101807303726673,0.0,25023.9609375
EleutherAI/pythia-70m,5,256,step256,70426624,6,8,84,1,7,0.009279649704694748,0.0,25023.9609375
EleutherAI/pythia-70m,5,256,step256,70426624,6,8,84,2,0,0.006984936539083719,0.0,25023.9609375
EleutherAI/pythia-70m,5,256,step256,70426624,6,8,84,2,1,0.005342533811926842,0.0,25023.9609375
EleutherAI/pythia-70m,5,256,step256,70426624,6,8,84,2,2,0.0028108626138418913,0.0,25023.9609375
EleutherAI/pythia-70m,5,256,step256,70426624,6,8,84,2,3,0.0069213914684951305,0.0,25023.9609375
EleutherAI/pythia-70m,5,256,step256,70426624,6,8,84,2,4,0.011800384148955345,0.0,25023.9609375
EleutherAI/pythia-70m,5,256,step256,70426624,6,8,84,2,5,0.004753661807626486,0.0,25023.9609375
EleutherAI/pythia-70m,5,256,step256,70426624,6,8,84,2,6,0.006351737771183252,0.0,25023.9609375
EleutherAI/pythia-70m,5,256,step256,70426624,6,8,84,2,7,0.006696188356727362,0.0,25023.9609375
EleutherAI/pythia-70m,5,256,step256,70426624,6,8,84,3,0,0.003514721989631653,0.0,25023.9609375
EleutherAI/pythia-70m,5,256,step256,70426624,6,8,84,3,1,0.0024884857703000307,0.0,25023.9609375
EleutherAI/pythia-70m,5,256,step256,70426624,6,8,84,3,2,0.0042822351679205894,0.0,25023.9609375
EleutherAI/pythia-70m,5,256,step256,70426624,6,8,84,3,3,0.0016512454021722078,0.0,25023.9609375
EleutherAI/pythia-70m,5,256,step256,70426624,6,8,84,3,4,0.007252225652337074,0.0,25023.9609375
EleutherAI/pythia-70m,5,256,step256,70426624,6,8,84,3,5,0.00237241736613214,0.0,25023.9609375
EleutherAI/pythia-70m,5,256,step256,70426624,6,8,84,3,6,0.0018670675344765186,0.0,25023.9609375
EleutherAI/pythia-70m,5,256,step256,70426624,6,8,84,3,7,0.008917980827391148,0.0,25023.9609375
EleutherAI/pythia-70m,5,256,step256,70426624,6,8,84,4,0,0.001800661557354033,0.0,25023.9609375
EleutherAI/pythia-70m,5,256,step256,70426624,6,8,84,4,1,0.0032544073183089495,0.0,25023.9609375
EleutherAI/pythia-70m,5,256,step256,70426624,6,8,84,4,2,0.008343604393303394,0.0,25023.9609375
EleutherAI/pythia-70m,5,256,step256,70426624,6,8,84,4,3,0.01479244139045477,0.0,25023.9609375
EleutherAI/pythia-70m,5,256,step256,70426624,6,8,84,4,4,0.00936372671276331,0.0,25023.9609375
EleutherAI/pythia-70m,5,256,step256,70426624,6,8,84,4,5,0.0019537422340363264,0.0,25023.9609375
EleutherAI/pythia-70m,5,256,step256,70426624,6,8,84,4,6,0.004740655422210693,0.0,25023.9609375
EleutherAI/pythia-70m,5,256,step256,70426624,6,8,84,4,7,0.005033427383750677,0.0,25023.9609375
EleutherAI/pythia-70m,5,256,step256,70426624,6,8,84,5,0,0.0071582370437681675,0.0,25023.9609375
EleutherAI/pythia-70m,5,256,step256,70426624,6,8,84,5,1,0.00510486401617527,0.0,25023.9609375
EleutherAI/pythia-70m,5,256,step256,70426624,6,8,84,5,2,0.010583099909126759,0.0,25023.9609375
EleutherAI/pythia-70m,5,256,step256,70426624,6,8,84,5,3,0.0026131218764930964,0.0,25023.9609375
EleutherAI/pythia-70m,5,256,step256,70426624,6,8,84,5,4,0.0069378758780658245,0.0,25023.9609375
EleutherAI/pythia-70m,5,256,step256,70426624,6,8,84,5,5,0.004286357667297125,0.0,25023.9609375
EleutherAI/pythia-70m,5,256,step256,70426624,6,8,84,5,6,0.006126943975687027,0.0,25023.9609375
EleutherAI/pythia-70m,5,256,step256,70426624,6,8,84,5,7,0.0056129200384020805,0.0,25023.9609375
EleutherAI/pythia-70m,5,256,step256,70426624,6,8,85,0,0,0.014420564286410809,0.0,24768.80078125
EleutherAI/pythia-70m,5,256,step256,70426624,6,8,85,0,1,0.013819186948239803,0.0,24768.80078125
EleutherAI/pythia-70m,5,256,step256,70426624,6,8,85,0,2,0.014991951175034046,0.0,24768.80078125
EleutherAI/pythia-70m,5,256,step256,70426624,6,8,85,0,3,0.014032423496246338,0.0,24768.80078125
EleutherAI/pythia-70m,5,256,step256,70426624,6,8,85,0,4,0.015035118907690048,0.0,24768.80078125
EleutherAI/pythia-70m,5,256,step256,70426624,6,8,85,0,5,0.01409970410168171,0.0,24768.80078125
EleutherAI/pythia-70m,5,256,step256,70426624,6,8,85,0,6,0.01466900110244751,0.0,24768.80078125
EleutherAI/pythia-70m,5,256,step256,70426624,6,8,85,0,7,0.013647446408867836,0.0,24768.80078125
EleutherAI/pythia-70m,5,256,step256,70426624,6,8,85,1,0,0.01088713388890028,0.0,24768.80078125
EleutherAI/pythia-70m,5,256,step256,70426624,6,8,85,1,1,0.010741266421973705,0.0,24768.80078125
EleutherAI/pythia-70m,5,256,step256,70426624,6,8,85,1,2,0.0112168462947011,0.0,24768.80078125
EleutherAI/pythia-70m,5,256,step256,70426624,6,8,85,1,3,0.012202325277030468,0.0,24768.80078125
EleutherAI/pythia-70m,5,256,step256,70426624,6,8,85,1,4,0.009858250617980957,0.0,24768.80078125
EleutherAI/pythia-70m,5,256,step256,70426624,6,8,85,1,5,0.00897482130676508,0.0,24768.80078125
EleutherAI/pythia-70m,5,256,step256,70426624,6,8,85,1,6,0.010798918083310127,0.0,24768.80078125
EleutherAI/pythia-70m,5,256,step256,70426624,6,8,85,1,7,0.011107559315860271,0.0,24768.80078125
EleutherAI/pythia-70m,5,256,step256,70426624,6,8,85,2,0,0.0052931238897144794,0.0,24768.80078125
EleutherAI/pythia-70m,5,256,step256,70426624,6,8,85,2,1,0.006037299055606127,0.0,24768.80078125
EleutherAI/pythia-70m,5,256,step256,70426624,6,8,85,2,2,0.002529550576582551,0.0,24768.80078125
EleutherAI/pythia-70m,5,256,step256,70426624,6,8,85,2,3,0.005955660715699196,0.0,24768.80078125
EleutherAI/pythia-70m,5,256,step256,70426624,6,8,85,2,4,0.012788188643753529,0.0,24768.80078125
EleutherAI/pythia-70m,5,256,step256,70426624,6,8,85,2,5,0.004718524403870106,0.0,24768.80078125
EleutherAI/pythia-70m,5,256,step256,70426624,6,8,85,2,6,0.003992982674390078,0.0,24768.80078125
EleutherAI/pythia-70m,5,256,step256,70426624,6,8,85,2,7,0.007900511845946312,0.0,24768.80078125
EleutherAI/pythia-70m,5,256,step256,70426624,6,8,85,3,0,0.0023058613296598196,0.0,24768.80078125
EleutherAI/pythia-70m,5,256,step256,70426624,6,8,85,3,1,0.003541444195434451,0.0,24768.80078125
EleutherAI/pythia-70m,5,256,step256,70426624,6,8,85,3,2,0.00373141560703516,0.0,24768.80078125
EleutherAI/pythia-70m,5,256,step256,70426624,6,8,85,3,3,0.0014473403571173549,0.0,24768.80078125
EleutherAI/pythia-70m,5,256,step256,70426624,6,8,85,3,4,0.006843111477792263,0.0,24768.80078125
EleutherAI/pythia-70m,5,256,step256,70426624,6,8,85,3,5,0.00230793678201735,0.0,24768.80078125
EleutherAI/pythia-70m,5,256,step256,70426624,6,8,85,3,6,0.0014117336831986904,0.0,24768.80078125
EleutherAI/pythia-70m,5,256,step256,70426624,6,8,85,3,7,0.006104499567300081,0.0,24768.80078125
EleutherAI/pythia-70m,5,256,step256,70426624,6,8,85,4,0,0.0023298372980207205,0.0,24768.80078125
EleutherAI/pythia-70m,5,256,step256,70426624,6,8,85,4,1,0.003779361955821514,0.0,24768.80078125
EleutherAI/pythia-70m,5,256,step256,70426624,6,8,85,4,2,0.007181081920862198,0.0,24768.80078125
EleutherAI/pythia-70m,5,256,step256,70426624,6,8,85,4,3,0.012200415134429932,0.0,24768.80078125
EleutherAI/pythia-70m,5,256,step256,70426624,6,8,85,4,4,0.010975629091262817,0.0,24768.80078125
EleutherAI/pythia-70m,5,256,step256,70426624,6,8,85,4,5,0.0032383082434535027,0.0,24768.80078125
EleutherAI/pythia-70m,5,256,step256,70426624,6,8,85,4,6,0.0026375669986009598,0.0,24768.80078125
EleutherAI/pythia-70m,5,256,step256,70426624,6,8,85,4,7,0.005121117457747459,0.0,24768.80078125
EleutherAI/pythia-70m,5,256,step256,70426624,6,8,85,5,0,0.007321364711970091,0.0,24768.80078125
EleutherAI/pythia-70m,5,256,step256,70426624,6,8,85,5,1,0.005225887522101402,0.0,24768.80078125
EleutherAI/pythia-70m,5,256,step256,70426624,6,8,85,5,2,0.012109331786632538,0.0,24768.80078125
EleutherAI/pythia-70m,5,256,step256,70426624,6,8,85,5,3,0.002414698712527752,0.0,24768.80078125
EleutherAI/pythia-70m,5,256,step256,70426624,6,8,85,5,4,0.008214091882109642,0.0,24768.80078125
EleutherAI/pythia-70m,5,256,step256,70426624,6,8,85,5,5,0.005540930200368166,0.0,24768.80078125
EleutherAI/pythia-70m,5,256,step256,70426624,6,8,85,5,6,0.006614022888243198,0.0,24768.80078125
EleutherAI/pythia-70m,5,256,step256,70426624,6,8,85,5,7,0.005209323950111866,0.0,24768.80078125
EleutherAI/pythia-70m,5,256,step256,70426624,6,8,86,0,0,0.013978996314108372,0.0,23738.919921875
EleutherAI/pythia-70m,5,256,step256,70426624,6,8,86,0,1,0.013248429633677006,0.0,23738.919921875
EleutherAI/pythia-70m,5,256,step256,70426624,6,8,86,0,2,0.014163876883685589,0.0,23738.919921875
EleutherAI/pythia-70m,5,256,step256,70426624,6,8,86,0,3,0.013715517707169056,0.0,23738.919921875
EleutherAI/pythia-70m,5,256,step256,70426624,6,8,86,0,4,0.013360338285565376,0.0,23738.919921875
EleutherAI/pythia-70m,5,256,step256,70426624,6,8,86,0,5,0.014031448401510715,0.0,23738.919921875
EleutherAI/pythia-70m,5,256,step256,70426624,6,8,86,0,6,0.014627508819103241,0.0,23738.919921875
EleutherAI/pythia-70m,5,256,step256,70426624,6,8,86,0,7,0.013430324383080006,0.0,23738.919921875
EleutherAI/pythia-70m,5,256,step256,70426624,6,8,86,1,0,0.00942833162844181,0.0,23738.919921875
EleutherAI/pythia-70m,5,256,step256,70426624,6,8,86,1,1,0.009645159356296062,0.0,23738.919921875
EleutherAI/pythia-70m,5,256,step256,70426624,6,8,86,1,2,0.011601049453020096,0.0,23738.919921875
EleutherAI/pythia-70m,5,256,step256,70426624,6,8,86,1,3,0.012449068017303944,0.0,23738.919921875
EleutherAI/pythia-70m,5,256,step256,70426624,6,8,86,1,4,0.00880652479827404,0.0,23738.919921875
EleutherAI/pythia-70m,5,256,step256,70426624,6,8,86,1,5,0.007983461953699589,0.0,23738.919921875
EleutherAI/pythia-70m,5,256,step256,70426624,6,8,86,1,6,0.010240142233669758,0.0,23738.919921875
EleutherAI/pythia-70m,5,256,step256,70426624,6,8,86,1,7,0.01062779687345028,0.0,23738.919921875
EleutherAI/pythia-70m,5,256,step256,70426624,6,8,86,2,0,0.006702640559524298,0.0,23738.919921875
EleutherAI/pythia-70m,5,256,step256,70426624,6,8,86,2,1,0.006602753419429064,0.0,23738.919921875
EleutherAI/pythia-70m,5,256,step256,70426624,6,8,86,2,2,0.0032869121059775352,0.0,23738.919921875
EleutherAI/pythia-70m,5,256,step256,70426624,6,8,86,2,3,0.008943935856223106,0.0,23738.919921875
EleutherAI/pythia-70m,5,256,step256,70426624,6,8,86,2,4,0.010924224741756916,0.0,23738.919921875
EleutherAI/pythia-70m,5,256,step256,70426624,6,8,86,2,5,0.004237281158566475,0.0,23738.919921875
EleutherAI/pythia-70m,5,256,step256,70426624,6,8,86,2,6,0.004263485316187143,0.0,23738.919921875
EleutherAI/pythia-70m,5,256,step256,70426624,6,8,86,2,7,0.0076302350498735905,0.0,23738.919921875
EleutherAI/pythia-70m,5,256,step256,70426624,6,8,86,3,0,0.003869371023029089,0.0,23738.919921875
EleutherAI/pythia-70m,5,256,step256,70426624,6,8,86,3,1,0.004331244621425867,0.0,23738.919921875
EleutherAI/pythia-70m,5,256,step256,70426624,6,8,86,3,2,0.004629024304449558,0.0,23738.919921875
EleutherAI/pythia-70m,5,256,step256,70426624,6,8,86,3,3,0.0018945031333714724,0.0,23738.919921875
EleutherAI/pythia-70m,5,256,step256,70426624,6,8,86,3,4,0.015084963291883469,0.0,23738.919921875
EleutherAI/pythia-70m,5,256,step256,70426624,6,8,86,3,5,0.004377421922981739,0.0,23738.919921875
EleutherAI/pythia-70m,5,256,step256,70426624,6,8,86,3,6,0.0018965862691402435,0.0,23738.919921875
EleutherAI/pythia-70m,5,256,step256,70426624,6,8,86,3,7,0.010643956251442432,0.0,23738.919921875
EleutherAI/pythia-70m,5,256,step256,70426624,6,8,86,4,0,0.0029759949538856745,0.0,23738.919921875
EleutherAI/pythia-70m,5,256,step256,70426624,6,8,86,4,1,0.0037479419261217117,0.0,23738.919921875
EleutherAI/pythia-70m,5,256,step256,70426624,6,8,86,4,2,0.006548104342073202,0.0,23738.919921875
EleutherAI/pythia-70m,5,256,step256,70426624,6,8,86,4,3,0.014747356064617634,0.0,23738.919921875
EleutherAI/pythia-70m,5,256,step256,70426624,6,8,86,4,4,0.008907431736588478,0.0,23738.919921875
EleutherAI/pythia-70m,5,256,step256,70426624,6,8,86,4,5,0.005583318416029215,0.0,23738.919921875
EleutherAI/pythia-70m,5,256,step256,70426624,6,8,86,4,6,0.0029865948017686605,0.0,23738.919921875
EleutherAI/pythia-70m,5,256,step256,70426624,6,8,86,4,7,0.006630569230765104,0.0,23738.919921875
EleutherAI/pythia-70m,5,256,step256,70426624,6,8,86,5,0,0.010388487949967384,0.0,23738.919921875
EleutherAI/pythia-70m,5,256,step256,70426624,6,8,86,5,1,0.0054550254717469215,0.0,23738.919921875
EleutherAI/pythia-70m,5,256,step256,70426624,6,8,86,5,2,0.010432465001940727,0.0,23738.919921875
EleutherAI/pythia-70m,5,256,step256,70426624,6,8,86,5,3,0.0020061207469552755,0.0,23738.919921875
EleutherAI/pythia-70m,5,256,step256,70426624,6,8,86,5,4,0.009141906164586544,0.0,23738.919921875
EleutherAI/pythia-70m,5,256,step256,70426624,6,8,86,5,5,0.0035145357251167297,0.0,23738.919921875
EleutherAI/pythia-70m,5,256,step256,70426624,6,8,86,5,6,0.004935380071401596,0.0,23738.919921875
EleutherAI/pythia-70m,5,256,step256,70426624,6,8,86,5,7,0.0025000462774187326,0.0,23738.919921875
EleutherAI/pythia-70m,5,256,step256,70426624,6,8,87,0,0,0.013547036796808243,0.0,24986.19921875
EleutherAI/pythia-70m,5,256,step256,70426624,6,8,87,0,1,0.01298554614186287,0.0,24986.19921875
EleutherAI/pythia-70m,5,256,step256,70426624,6,8,87,0,2,0.014640011824667454,0.0,24986.19921875
EleutherAI/pythia-70m,5,256,step256,70426624,6,8,87,0,3,0.014812953770160675,0.0,24986.19921875
EleutherAI/pythia-70m,5,256,step256,70426624,6,8,87,0,4,0.01362575963139534,0.0,24986.19921875
EleutherAI/pythia-70m,5,256,step256,70426624,6,8,87,0,5,0.012942659668624401,0.0,24986.19921875
EleutherAI/pythia-70m,5,256,step256,70426624,6,8,87,0,6,0.014317531138658524,0.0,24986.19921875
EleutherAI/pythia-70m,5,256,step256,70426624,6,8,87,0,7,0.013525263406336308,0.0,24986.19921875
EleutherAI/pythia-70m,5,256,step256,70426624,6,8,87,1,0,0.007570177316665649,0.0,24986.19921875
EleutherAI/pythia-70m,5,256,step256,70426624,6,8,87,1,1,0.007734260521829128,0.0,24986.19921875
EleutherAI/pythia-70m,5,256,step256,70426624,6,8,87,1,2,0.010252555832266808,0.0,24986.19921875
EleutherAI/pythia-70m,5,256,step256,70426624,6,8,87,1,3,0.013043161481618881,0.0,24986.19921875
EleutherAI/pythia-70m,5,256,step256,70426624,6,8,87,1,4,0.010117875412106514,0.0,24986.19921875
EleutherAI/pythia-70m,5,256,step256,70426624,6,8,87,1,5,0.0076389312744140625,0.0,24986.19921875
EleutherAI/pythia-70m,5,256,step256,70426624,6,8,87,1,6,0.010312956757843494,0.0,24986.19921875
EleutherAI/pythia-70m,5,256,step256,70426624,6,8,87,1,7,0.011597084812819958,0.0,24986.19921875
EleutherAI/pythia-70m,5,256,step256,70426624,6,8,87,2,0,0.005567339714616537,0.0,24986.19921875
EleutherAI/pythia-70m,5,256,step256,70426624,6,8,87,2,1,0.006957495119422674,0.0,24986.19921875
EleutherAI/pythia-70m,5,256,step256,70426624,6,8,87,2,2,0.0034073733258992434,0.0,24986.19921875
EleutherAI/pythia-70m,5,256,step256,70426624,6,8,87,2,3,0.006976936012506485,0.0,24986.19921875
EleutherAI/pythia-70m,5,256,step256,70426624,6,8,87,2,4,0.011608741246163845,0.0,24986.19921875
EleutherAI/pythia-70m,5,256,step256,70426624,6,8,87,2,5,0.004552657715976238,0.0,24986.19921875
EleutherAI/pythia-70m,5,256,step256,70426624,6,8,87,2,6,0.0045331921428442,0.0,24986.19921875
EleutherAI/pythia-70m,5,256,step256,70426624,6,8,87,2,7,0.006909464485943317,0.0,24986.19921875
EleutherAI/pythia-70m,5,256,step256,70426624,6,8,87,3,0,0.004274074453860521,0.0,24986.19921875
EleutherAI/pythia-70m,5,256,step256,70426624,6,8,87,3,1,0.0038957626093178988,0.0,24986.19921875
EleutherAI/pythia-70m,5,256,step256,70426624,6,8,87,3,2,0.004658839199692011,0.0,24986.19921875
EleutherAI/pythia-70m,5,256,step256,70426624,6,8,87,3,3,0.0020646494813263416,0.0,24986.19921875
EleutherAI/pythia-70m,5,256,step256,70426624,6,8,87,3,4,0.008239800110459328,0.0,24986.19921875
EleutherAI/pythia-70m,5,256,step256,70426624,6,8,87,3,5,0.003878577845171094,0.0,24986.19921875
EleutherAI/pythia-70m,5,256,step256,70426624,6,8,87,3,6,0.0019217715598642826,0.0,24986.19921875
EleutherAI/pythia-70m,5,256,step256,70426624,6,8,87,3,7,0.010532919317483902,0.0,24986.19921875
EleutherAI/pythia-70m,5,256,step256,70426624,6,8,87,4,0,0.003151137614622712,0.0,24986.19921875
EleutherAI/pythia-70m,5,256,step256,70426624,6,8,87,4,1,0.008302124217152596,0.0,24986.19921875
EleutherAI/pythia-70m,5,256,step256,70426624,6,8,87,4,2,0.006571995560079813,0.0,24986.19921875
EleutherAI/pythia-70m,5,256,step256,70426624,6,8,87,4,3,0.01265978068113327,0.0,24986.19921875
EleutherAI/pythia-70m,5,256,step256,70426624,6,8,87,4,4,0.012340846471488476,0.0,24986.19921875
EleutherAI/pythia-70m,5,256,step256,70426624,6,8,87,4,5,0.004705063533037901,0.0,24986.19921875
EleutherAI/pythia-70m,5,256,step256,70426624,6,8,87,4,6,0.003231270704418421,0.0,24986.19921875
EleutherAI/pythia-70m,5,256,step256,70426624,6,8,87,4,7,0.006390838418155909,0.0,24986.19921875
EleutherAI/pythia-70m,5,256,step256,70426624,6,8,87,5,0,0.006708641070872545,0.0,24986.19921875
EleutherAI/pythia-70m,5,256,step256,70426624,6,8,87,5,1,0.005386182572692633,0.0,24986.19921875
EleutherAI/pythia-70m,5,256,step256,70426624,6,8,87,5,2,0.010746213607490063,0.0,24986.19921875
EleutherAI/pythia-70m,5,256,step256,70426624,6,8,87,5,3,0.003836225252598524,0.0,24986.19921875
EleutherAI/pythia-70m,5,256,step256,70426624,6,8,87,5,4,0.009360001422464848,0.0,24986.19921875
EleutherAI/pythia-70m,5,256,step256,70426624,6,8,87,5,5,0.006178954150527716,0.0,24986.19921875
EleutherAI/pythia-70m,5,256,step256,70426624,6,8,87,5,6,0.011475885286927223,0.0,24986.19921875
EleutherAI/pythia-70m,5,256,step256,70426624,6,8,87,5,7,0.008326912298798561,0.0,24986.19921875
EleutherAI/pythia-70m,5,256,step256,70426624,6,8,88,0,0,0.014332610182464123,0.0,20352.51953125
EleutherAI/pythia-70m,5,256,step256,70426624,6,8,88,0,1,0.012893131002783775,0.0,20352.51953125
EleutherAI/pythia-70m,5,256,step256,70426624,6,8,88,0,2,0.016070500016212463,0.0,20352.51953125
EleutherAI/pythia-70m,5,256,step256,70426624,6,8,88,0,3,0.012633697129786015,0.0,20352.51953125
EleutherAI/pythia-70m,5,256,step256,70426624,6,8,88,0,4,0.014507677406072617,0.0,20352.51953125
EleutherAI/pythia-70m,5,256,step256,70426624,6,8,88,0,5,0.012556119821965694,0.0,20352.51953125
EleutherAI/pythia-70m,5,256,step256,70426624,6,8,88,0,6,0.01463683508336544,0.0,20352.51953125
EleutherAI/pythia-70m,5,256,step256,70426624,6,8,88,0,7,0.014565766789019108,0.0,20352.51953125
EleutherAI/pythia-70m,5,256,step256,70426624,6,8,88,1,0,0.008465493097901344,0.0,20352.51953125
EleutherAI/pythia-70m,5,256,step256,70426624,6,8,88,1,1,0.009034283459186554,0.0,20352.51953125
EleutherAI/pythia-70m,5,256,step256,70426624,6,8,88,1,2,0.011265439912676811,0.0,20352.51953125
EleutherAI/pythia-70m,5,256,step256,70426624,6,8,88,1,3,0.011943339370191097,0.0,20352.51953125
EleutherAI/pythia-70m,5,256,step256,70426624,6,8,88,1,4,0.008153768256306648,0.0,20352.51953125
EleutherAI/pythia-70m,5,256,step256,70426624,6,8,88,1,5,0.008783365599811077,0.0,20352.51953125
EleutherAI/pythia-70m,5,256,step256,70426624,6,8,88,1,6,0.012071678414940834,0.0,20352.51953125
EleutherAI/pythia-70m,5,256,step256,70426624,6,8,88,1,7,0.009560072794556618,0.0,20352.51953125
EleutherAI/pythia-70m,5,256,step256,70426624,6,8,88,2,0,0.007867592386901379,0.0,20352.51953125
EleutherAI/pythia-70m,5,256,step256,70426624,6,8,88,2,1,0.006418247241526842,0.0,20352.51953125
EleutherAI/pythia-70m,5,256,step256,70426624,6,8,88,2,2,0.00476014893501997,0.0,20352.51953125
EleutherAI/pythia-70m,5,256,step256,70426624,6,8,88,2,3,0.007447646465152502,0.0,20352.51953125
EleutherAI/pythia-70m,5,256,step256,70426624,6,8,88,2,4,0.015731776133179665,0.0,20352.51953125
EleutherAI/pythia-70m,5,256,step256,70426624,6,8,88,2,5,0.004228000529110432,0.0,20352.51953125
EleutherAI/pythia-70m,5,256,step256,70426624,6,8,88,2,6,0.005819957237690687,0.0,20352.51953125
EleutherAI/pythia-70m,5,256,step256,70426624,6,8,88,2,7,0.007651929277926683,0.0,20352.51953125
EleutherAI/pythia-70m,5,256,step256,70426624,6,8,88,3,0,0.0035280794836580753,0.0,20352.51953125
EleutherAI/pythia-70m,5,256,step256,70426624,6,8,88,3,1,0.003155169542878866,0.0,20352.51953125
EleutherAI/pythia-70m,5,256,step256,70426624,6,8,88,3,2,0.0035204985179007053,0.0,20352.51953125
EleutherAI/pythia-70m,5,256,step256,70426624,6,8,88,3,3,0.0019755130633711815,0.0,20352.51953125
EleutherAI/pythia-70m,5,256,step256,70426624,6,8,88,3,4,0.006713418290019035,0.0,20352.51953125
EleutherAI/pythia-70m,5,256,step256,70426624,6,8,88,3,5,0.002765837125480175,0.0,20352.51953125
EleutherAI/pythia-70m,5,256,step256,70426624,6,8,88,3,6,0.002404384547844529,0.0,20352.51953125
EleutherAI/pythia-70m,5,256,step256,70426624,6,8,88,3,7,0.008311456069350243,0.0,20352.51953125
EleutherAI/pythia-70m,5,256,step256,70426624,6,8,88,4,0,0.001434091362170875,0.0,20352.51953125
EleutherAI/pythia-70m,5,256,step256,70426624,6,8,88,4,1,0.003219304606318474,0.0,20352.51953125
EleutherAI/pythia-70m,5,256,step256,70426624,6,8,88,4,2,0.007231052964925766,0.0,20352.51953125
EleutherAI/pythia-70m,5,256,step256,70426624,6,8,88,4,3,0.013691368512809277,0.0,20352.51953125
EleutherAI/pythia-70m,5,256,step256,70426624,6,8,88,4,4,0.009077322669327259,0.0,20352.51953125
EleutherAI/pythia-70m,5,256,step256,70426624,6,8,88,4,5,0.003134737256914377,0.0,20352.51953125
EleutherAI/pythia-70m,5,256,step256,70426624,6,8,88,4,6,0.003371947444975376,0.0,20352.51953125
EleutherAI/pythia-70m,5,256,step256,70426624,6,8,88,4,7,0.003996710292994976,0.0,20352.51953125
EleutherAI/pythia-70m,5,256,step256,70426624,6,8,88,5,0,0.008318008854985237,0.0,20352.51953125
EleutherAI/pythia-70m,5,256,step256,70426624,6,8,88,5,1,0.005601212847977877,0.0,20352.51953125
EleutherAI/pythia-70m,5,256,step256,70426624,6,8,88,5,2,0.012116186320781708,0.0,20352.51953125
EleutherAI/pythia-70m,5,256,step256,70426624,6,8,88,5,3,0.0020576573442667723,0.0,20352.51953125
EleutherAI/pythia-70m,5,256,step256,70426624,6,8,88,5,4,0.00679934723302722,0.0,20352.51953125
EleutherAI/pythia-70m,5,256,step256,70426624,6,8,88,5,5,0.005027865059673786,0.0,20352.51953125
EleutherAI/pythia-70m,5,256,step256,70426624,6,8,88,5,6,0.007525299675762653,0.0,20352.51953125
EleutherAI/pythia-70m,5,256,step256,70426624,6,8,88,5,7,0.0052224635146558285,0.0,20352.51953125
EleutherAI/pythia-70m,5,256,step256,70426624,6,8,89,0,0,0.012878571636974812,0.0,24410.580078125
EleutherAI/pythia-70m,5,256,step256,70426624,6,8,89,0,1,0.012930436059832573,0.0,24410.580078125
EleutherAI/pythia-70m,5,256,step256,70426624,6,8,89,0,2,0.014483562670648098,0.0,24410.580078125
EleutherAI/pythia-70m,5,256,step256,70426624,6,8,89,0,3,0.014238455332815647,0.0,24410.580078125
EleutherAI/pythia-70m,5,256,step256,70426624,6,8,89,0,4,0.012550568208098412,0.0,24410.580078125
EleutherAI/pythia-70m,5,256,step256,70426624,6,8,89,0,5,0.014302445575594902,0.0,24410.580078125
EleutherAI/pythia-70m,5,256,step256,70426624,6,8,89,0,6,0.015425124205648899,0.0,24410.580078125
EleutherAI/pythia-70m,5,256,step256,70426624,6,8,89,0,7,0.013670044019818306,0.0,24410.580078125
EleutherAI/pythia-70m,5,256,step256,70426624,6,8,89,1,0,0.008567826822400093,0.0,24410.580078125
EleutherAI/pythia-70m,5,256,step256,70426624,6,8,89,1,1,0.008696564473211765,0.0,24410.580078125
EleutherAI/pythia-70m,5,256,step256,70426624,6,8,89,1,2,0.011791994795203209,0.0,24410.580078125
EleutherAI/pythia-70m,5,256,step256,70426624,6,8,89,1,3,0.013858931139111519,0.0,24410.580078125
EleutherAI/pythia-70m,5,256,step256,70426624,6,8,89,1,4,0.010285097174346447,0.0,24410.580078125
EleutherAI/pythia-70m,5,256,step256,70426624,6,8,89,1,5,0.008798325434327126,0.0,24410.580078125
EleutherAI/pythia-70m,5,256,step256,70426624,6,8,89,1,6,0.010448496788740158,0.0,24410.580078125
EleutherAI/pythia-70m,5,256,step256,70426624,6,8,89,1,7,0.011330992914736271,0.0,24410.580078125
EleutherAI/pythia-70m,5,256,step256,70426624,6,8,89,2,0,0.005506232846528292,0.0,24410.580078125
EleutherAI/pythia-70m,5,256,step256,70426624,6,8,89,2,1,0.0058854734525084496,0.0,24410.580078125
EleutherAI/pythia-70m,5,256,step256,70426624,6,8,89,2,2,0.0031990199349820614,0.0,24410.580078125
EleutherAI/pythia-70m,5,256,step256,70426624,6,8,89,2,3,0.006329589989036322,0.0,24410.580078125
EleutherAI/pythia-70m,5,256,step256,70426624,6,8,89,2,4,0.013734820298850536,0.0,24410.580078125
EleutherAI/pythia-70m,5,256,step256,70426624,6,8,89,2,5,0.005448223557323217,0.0,24410.580078125
EleutherAI/pythia-70m,5,256,step256,70426624,6,8,89,2,6,0.004188657738268375,0.0,24410.580078125
EleutherAI/pythia-70m,5,256,step256,70426624,6,8,89,2,7,0.006577321328222752,0.0,24410.580078125
EleutherAI/pythia-70m,5,256,step256,70426624,6,8,89,3,0,0.0024527697823941708,0.0,24410.580078125
EleutherAI/pythia-70m,5,256,step256,70426624,6,8,89,3,1,0.0032175558153539896,0.0,24410.580078125
EleutherAI/pythia-70m,5,256,step256,70426624,6,8,89,3,2,0.00484122708439827,0.0,24410.580078125
EleutherAI/pythia-70m,5,256,step256,70426624,6,8,89,3,3,0.0017602168954908848,0.0,24410.580078125
EleutherAI/pythia-70m,5,256,step256,70426624,6,8,89,3,4,0.005406542215496302,0.0,24410.580078125
EleutherAI/pythia-70m,5,256,step256,70426624,6,8,89,3,5,0.003350250655785203,0.0,24410.580078125
EleutherAI/pythia-70m,5,256,step256,70426624,6,8,89,3,6,0.0015732001047581434,0.0,24410.580078125
EleutherAI/pythia-70m,5,256,step256,70426624,6,8,89,3,7,0.010932338424026966,0.0,24410.580078125
EleutherAI/pythia-70m,5,256,step256,70426624,6,8,89,4,0,0.0018358784727752209,0.0,24410.580078125
EleutherAI/pythia-70m,5,256,step256,70426624,6,8,89,4,1,0.008756364695727825,0.0,24410.580078125
EleutherAI/pythia-70m,5,256,step256,70426624,6,8,89,4,2,0.00952434167265892,0.0,24410.580078125
EleutherAI/pythia-70m,5,256,step256,70426624,6,8,89,4,3,0.016267620027065277,0.0,24410.580078125
EleutherAI/pythia-70m,5,256,step256,70426624,6,8,89,4,4,0.010995311662554741,0.0,24410.580078125
EleutherAI/pythia-70m,5,256,step256,70426624,6,8,89,4,5,0.002491655061021447,0.0,24410.580078125
EleutherAI/pythia-70m,5,256,step256,70426624,6,8,89,4,6,0.002289779717102647,0.0,24410.580078125
EleutherAI/pythia-70m,5,256,step256,70426624,6,8,89,4,7,0.005278672557324171,0.0,24410.580078125
EleutherAI/pythia-70m,5,256,step256,70426624,6,8,89,5,0,0.005833121482282877,0.0,24410.580078125
EleutherAI/pythia-70m,5,256,step256,70426624,6,8,89,5,1,0.00622060289606452,0.0,24410.580078125
EleutherAI/pythia-70m,5,256,step256,70426624,6,8,89,5,2,0.01103373896330595,0.0,24410.580078125
EleutherAI/pythia-70m,5,256,step256,70426624,6,8,89,5,3,0.0021012567449361086,0.0,24410.580078125
EleutherAI/pythia-70m,5,256,step256,70426624,6,8,89,5,4,0.006379834376275539,0.0,24410.580078125
EleutherAI/pythia-70m,5,256,step256,70426624,6,8,89,5,5,0.004789274651557207,0.0,24410.580078125
EleutherAI/pythia-70m,5,256,step256,70426624,6,8,89,5,6,0.007104374002665281,0.0,24410.580078125
EleutherAI/pythia-70m,5,256,step256,70426624,6,8,89,5,7,0.005113445688039064,0.0,24410.580078125
EleutherAI/pythia-70m,5,256,step256,70426624,6,8,90,0,0,0.013770559802651405,0.0,24634.400390625
EleutherAI/pythia-70m,5,256,step256,70426624,6,8,90,0,1,0.013617683202028275,0.0,24634.400390625
EleutherAI/pythia-70m,5,256,step256,70426624,6,8,90,0,2,0.01325811818242073,0.0,24634.400390625
EleutherAI/pythia-70m,5,256,step256,70426624,6,8,90,0,3,0.013727284967899323,0.0,24634.400390625
EleutherAI/pythia-70m,5,256,step256,70426624,6,8,90,0,4,0.013780609704554081,0.0,24634.400390625
EleutherAI/pythia-70m,5,256,step256,70426624,6,8,90,0,5,0.01307874545454979,0.0,24634.400390625
EleutherAI/pythia-70m,5,256,step256,70426624,6,8,90,0,6,0.013792131096124649,0.0,24634.400390625
EleutherAI/pythia-70m,5,256,step256,70426624,6,8,90,0,7,0.013563866727054119,0.0,24634.400390625
EleutherAI/pythia-70m,5,256,step256,70426624,6,8,90,1,0,0.008328206837177277,0.0,24634.400390625
EleutherAI/pythia-70m,5,256,step256,70426624,6,8,90,1,1,0.010164516046643257,0.0,24634.400390625
EleutherAI/pythia-70m,5,256,step256,70426624,6,8,90,1,2,0.011478929780423641,0.0,24634.400390625
EleutherAI/pythia-70m,5,256,step256,70426624,6,8,90,1,3,0.012464136816561222,0.0,24634.400390625
EleutherAI/pythia-70m,5,256,step256,70426624,6,8,90,1,4,0.009519034065306187,0.0,24634.400390625
EleutherAI/pythia-70m,5,256,step256,70426624,6,8,90,1,5,0.0064831688068807125,0.0,24634.400390625
EleutherAI/pythia-70m,5,256,step256,70426624,6,8,90,1,6,0.009952821768820286,0.0,24634.400390625
EleutherAI/pythia-70m,5,256,step256,70426624,6,8,90,1,7,0.012431584298610687,0.0,24634.400390625
EleutherAI/pythia-70m,5,256,step256,70426624,6,8,90,2,0,0.005837164353579283,0.0,24634.400390625
EleutherAI/pythia-70m,5,256,step256,70426624,6,8,90,2,1,0.006380524020642042,0.0,24634.400390625
EleutherAI/pythia-70m,5,256,step256,70426624,6,8,90,2,2,0.005187232047319412,0.0,24634.400390625
EleutherAI/pythia-70m,5,256,step256,70426624,6,8,90,2,3,0.008789779618382454,0.0,24634.400390625
EleutherAI/pythia-70m,5,256,step256,70426624,6,8,90,2,4,0.0107308654114604,0.0,24634.400390625
EleutherAI/pythia-70m,5,256,step256,70426624,6,8,90,2,5,0.009092509746551514,0.0,24634.400390625
EleutherAI/pythia-70m,5,256,step256,70426624,6,8,90,2,6,0.005292618181556463,0.0,24634.400390625
EleutherAI/pythia-70m,5,256,step256,70426624,6,8,90,2,7,0.008273569867014885,0.0,24634.400390625
EleutherAI/pythia-70m,5,256,step256,70426624,6,8,90,3,0,0.00431996863335371,0.0,24634.400390625
EleutherAI/pythia-70m,5,256,step256,70426624,6,8,90,3,1,0.0039411885663867,0.0,24634.400390625
EleutherAI/pythia-70m,5,256,step256,70426624,6,8,90,3,2,0.006463915575295687,0.0,24634.400390625
EleutherAI/pythia-70m,5,256,step256,70426624,6,8,90,3,3,0.002179491799324751,0.0,24634.400390625
EleutherAI/pythia-70m,5,256,step256,70426624,6,8,90,3,4,0.006983618251979351,0.0,24634.400390625
EleutherAI/pythia-70m,5,256,step256,70426624,6,8,90,3,5,0.003833901835605502,0.0,24634.400390625
EleutherAI/pythia-70m,5,256,step256,70426624,6,8,90,3,6,0.0025467704981565475,0.0,24634.400390625
EleutherAI/pythia-70m,5,256,step256,70426624,6,8,90,3,7,0.01205392461270094,0.0,24634.400390625
EleutherAI/pythia-70m,5,256,step256,70426624,6,8,90,4,0,0.003124547889456153,0.0,24634.400390625
EleutherAI/pythia-70m,5,256,step256,70426624,6,8,90,4,1,0.0055520981550216675,0.0,24634.400390625
EleutherAI/pythia-70m,5,256,step256,70426624,6,8,90,4,2,0.009819612838327885,0.0,24634.400390625
EleutherAI/pythia-70m,5,256,step256,70426624,6,8,90,4,3,0.014764223247766495,0.0,24634.400390625
EleutherAI/pythia-70m,5,256,step256,70426624,6,8,90,4,4,0.01196889765560627,0.0,24634.400390625
EleutherAI/pythia-70m,5,256,step256,70426624,6,8,90,4,5,0.005229639820754528,0.0,24634.400390625
EleutherAI/pythia-70m,5,256,step256,70426624,6,8,90,4,6,0.004998417105525732,0.0,24634.400390625
EleutherAI/pythia-70m,5,256,step256,70426624,6,8,90,4,7,0.006714244373142719,0.0,24634.400390625
EleutherAI/pythia-70m,5,256,step256,70426624,6,8,90,5,0,0.009299962781369686,0.0,24634.400390625
EleutherAI/pythia-70m,5,256,step256,70426624,6,8,90,5,1,0.0062384577468037605,0.0,24634.400390625
EleutherAI/pythia-70m,5,256,step256,70426624,6,8,90,5,2,0.01099386066198349,0.0,24634.400390625
EleutherAI/pythia-70m,5,256,step256,70426624,6,8,90,5,3,0.0036106260959059,0.0,24634.400390625
EleutherAI/pythia-70m,5,256,step256,70426624,6,8,90,5,4,0.008812767453491688,0.0,24634.400390625
EleutherAI/pythia-70m,5,256,step256,70426624,6,8,90,5,5,0.00587247172370553,0.0,24634.400390625
EleutherAI/pythia-70m,5,256,step256,70426624,6,8,90,5,6,0.007197889499366283,0.0,24634.400390625
EleutherAI/pythia-70m,5,256,step256,70426624,6,8,90,5,7,0.006071352865546942,0.0,24634.400390625
EleutherAI/pythia-70m,5,256,step256,70426624,6,8,91,0,0,0.014053212478756905,0.0,27863.48046875
EleutherAI/pythia-70m,5,256,step256,70426624,6,8,91,0,1,0.014418990351259708,0.0,27863.48046875
EleutherAI/pythia-70m,5,256,step256,70426624,6,8,91,0,2,0.013923079706728458,0.0,27863.48046875
EleutherAI/pythia-70m,5,256,step256,70426624,6,8,91,0,3,0.01477307453751564,0.0,27863.48046875
EleutherAI/pythia-70m,5,256,step256,70426624,6,8,91,0,4,0.013392033986747265,0.0,27863.48046875
EleutherAI/pythia-70m,5,256,step256,70426624,6,8,91,0,5,0.014092606492340565,0.0,27863.48046875
EleutherAI/pythia-70m,5,256,step256,70426624,6,8,91,0,6,0.013248849660158157,0.0,27863.48046875
EleutherAI/pythia-70m,5,256,step256,70426624,6,8,91,0,7,0.014218246564269066,0.0,27863.48046875
EleutherAI/pythia-70m,5,256,step256,70426624,6,8,91,1,0,0.007260478101670742,0.0,27863.48046875
EleutherAI/pythia-70m,5,256,step256,70426624,6,8,91,1,1,0.008955731056630611,0.0,27863.48046875
EleutherAI/pythia-70m,5,256,step256,70426624,6,8,91,1,2,0.012821129523217678,0.0,27863.48046875
EleutherAI/pythia-70m,5,256,step256,70426624,6,8,91,1,3,0.012710386887192726,0.0,27863.48046875
EleutherAI/pythia-70m,5,256,step256,70426624,6,8,91,1,4,0.010986179113388062,0.0,27863.48046875
EleutherAI/pythia-70m,5,256,step256,70426624,6,8,91,1,5,0.007448333315551281,0.0,27863.48046875
EleutherAI/pythia-70m,5,256,step256,70426624,6,8,91,1,6,0.010385215282440186,0.0,27863.48046875
EleutherAI/pythia-70m,5,256,step256,70426624,6,8,91,1,7,0.010854980908334255,0.0,27863.48046875
EleutherAI/pythia-70m,5,256,step256,70426624,6,8,91,2,0,0.0072771538980305195,0.0,27863.48046875
EleutherAI/pythia-70m,5,256,step256,70426624,6,8,91,2,1,0.005387670360505581,0.0,27863.48046875
EleutherAI/pythia-70m,5,256,step256,70426624,6,8,91,2,2,0.0028836196288466454,0.0,27863.48046875
EleutherAI/pythia-70m,5,256,step256,70426624,6,8,91,2,3,0.007566092535853386,0.0,27863.48046875
EleutherAI/pythia-70m,5,256,step256,70426624,6,8,91,2,4,0.010382681153714657,0.0,27863.48046875
EleutherAI/pythia-70m,5,256,step256,70426624,6,8,91,2,5,0.006316265091300011,0.0,27863.48046875
EleutherAI/pythia-70m,5,256,step256,70426624,6,8,91,2,6,0.004155750852078199,0.0,27863.48046875
EleutherAI/pythia-70m,5,256,step256,70426624,6,8,91,2,7,0.00685820821672678,0.0,27863.48046875
EleutherAI/pythia-70m,5,256,step256,70426624,6,8,91,3,0,0.003935847897082567,0.0,27863.48046875
EleutherAI/pythia-70m,5,256,step256,70426624,6,8,91,3,1,0.0029484296683222055,0.0,27863.48046875
EleutherAI/pythia-70m,5,256,step256,70426624,6,8,91,3,2,0.0033068291377276182,0.0,27863.48046875
EleutherAI/pythia-70m,5,256,step256,70426624,6,8,91,3,3,0.002083643339574337,0.0,27863.48046875
EleutherAI/pythia-70m,5,256,step256,70426624,6,8,91,3,4,0.011358886025846004,0.0,27863.48046875
EleutherAI/pythia-70m,5,256,step256,70426624,6,8,91,3,5,0.003592692082747817,0.0,27863.48046875
EleutherAI/pythia-70m,5,256,step256,70426624,6,8,91,3,6,0.0027096932753920555,0.0,27863.48046875
EleutherAI/pythia-70m,5,256,step256,70426624,6,8,91,3,7,0.011640877462923527,0.0,27863.48046875
EleutherAI/pythia-70m,5,256,step256,70426624,6,8,91,4,0,0.0029442356899380684,0.0,27863.48046875
EleutherAI/pythia-70m,5,256,step256,70426624,6,8,91,4,1,0.004683820530772209,0.0,27863.48046875
EleutherAI/pythia-70m,5,256,step256,70426624,6,8,91,4,2,0.008486105129122734,0.0,27863.48046875
EleutherAI/pythia-70m,5,256,step256,70426624,6,8,91,4,3,0.017971321940422058,0.0,27863.48046875
EleutherAI/pythia-70m,5,256,step256,70426624,6,8,91,4,4,0.006783834658563137,0.0,27863.48046875
EleutherAI/pythia-70m,5,256,step256,70426624,6,8,91,4,5,0.0034855487756431103,0.0,27863.48046875
EleutherAI/pythia-70m,5,256,step256,70426624,6,8,91,4,6,0.002689624670892954,0.0,27863.48046875
EleutherAI/pythia-70m,5,256,step256,70426624,6,8,91,4,7,0.004248153418302536,0.0,27863.48046875
EleutherAI/pythia-70m,5,256,step256,70426624,6,8,91,5,0,0.00948327872902155,0.0,27863.48046875
EleutherAI/pythia-70m,5,256,step256,70426624,6,8,91,5,1,0.006617033388465643,0.0,27863.48046875
EleutherAI/pythia-70m,5,256,step256,70426624,6,8,91,5,2,0.01238932367414236,0.0,27863.48046875
EleutherAI/pythia-70m,5,256,step256,70426624,6,8,91,5,3,0.0022350712679326534,0.0,27863.48046875
EleutherAI/pythia-70m,5,256,step256,70426624,6,8,91,5,4,0.0078461654484272,0.0,27863.48046875
EleutherAI/pythia-70m,5,256,step256,70426624,6,8,91,5,5,0.005445010494440794,0.0,27863.48046875
EleutherAI/pythia-70m,5,256,step256,70426624,6,8,91,5,6,0.006873509846627712,0.0,27863.48046875
EleutherAI/pythia-70m,5,256,step256,70426624,6,8,91,5,7,0.004313893150538206,0.0,27863.48046875
EleutherAI/pythia-70m,5,256,step256,70426624,6,8,92,0,0,0.015549647621810436,0.0,26136.83984375
EleutherAI/pythia-70m,5,256,step256,70426624,6,8,92,0,1,0.011922355741262436,0.0,26136.83984375
EleutherAI/pythia-70m,5,256,step256,70426624,6,8,92,0,2,0.013929832726716995,0.0,26136.83984375
EleutherAI/pythia-70m,5,256,step256,70426624,6,8,92,0,3,0.01368393748998642,0.0,26136.83984375
EleutherAI/pythia-70m,5,256,step256,70426624,6,8,92,0,4,0.01291276142001152,0.0,26136.83984375
EleutherAI/pythia-70m,5,256,step256,70426624,6,8,92,0,5,0.013288182206451893,0.0,26136.83984375
EleutherAI/pythia-70m,5,256,step256,70426624,6,8,92,0,6,0.014399170875549316,0.0,26136.83984375
EleutherAI/pythia-70m,5,256,step256,70426624,6,8,92,0,7,0.01265670731663704,0.0,26136.83984375
EleutherAI/pythia-70m,5,256,step256,70426624,6,8,92,1,0,0.007384125143289566,0.0,26136.83984375
EleutherAI/pythia-70m,5,256,step256,70426624,6,8,92,1,1,0.008151648566126823,0.0,26136.83984375
EleutherAI/pythia-70m,5,256,step256,70426624,6,8,92,1,2,0.012012033723294735,0.0,26136.83984375
EleutherAI/pythia-70m,5,256,step256,70426624,6,8,92,1,3,0.013239222578704357,0.0,26136.83984375
EleutherAI/pythia-70m,5,256,step256,70426624,6,8,92,1,4,0.008566822856664658,0.0,26136.83984375
EleutherAI/pythia-70m,5,256,step256,70426624,6,8,92,1,5,0.008746922016143799,0.0,26136.83984375
EleutherAI/pythia-70m,5,256,step256,70426624,6,8,92,1,6,0.009262267500162125,0.0,26136.83984375
EleutherAI/pythia-70m,5,256,step256,70426624,6,8,92,1,7,0.011759992688894272,0.0,26136.83984375
EleutherAI/pythia-70m,5,256,step256,70426624,6,8,92,2,0,0.006905701942741871,0.0,26136.83984375
EleutherAI/pythia-70m,5,256,step256,70426624,6,8,92,2,1,0.006433157250285149,0.0,26136.83984375
EleutherAI/pythia-70m,5,256,step256,70426624,6,8,92,2,2,0.004284837283194065,0.0,26136.83984375
EleutherAI/pythia-70m,5,256,step256,70426624,6,8,92,2,3,0.007284123916178942,0.0,26136.83984375
EleutherAI/pythia-70m,5,256,step256,70426624,6,8,92,2,4,0.011042382568120956,0.0,26136.83984375
EleutherAI/pythia-70m,5,256,step256,70426624,6,8,92,2,5,0.0027952457312494516,0.0,26136.83984375
EleutherAI/pythia-70m,5,256,step256,70426624,6,8,92,2,6,0.005379738751798868,0.0,26136.83984375
EleutherAI/pythia-70m,5,256,step256,70426624,6,8,92,2,7,0.007283301558345556,0.0,26136.83984375
EleutherAI/pythia-70m,5,256,step256,70426624,6,8,92,3,0,0.0029756648000329733,0.0,26136.83984375
EleutherAI/pythia-70m,5,256,step256,70426624,6,8,92,3,1,0.0040259771049022675,0.0,26136.83984375
EleutherAI/pythia-70m,5,256,step256,70426624,6,8,92,3,2,0.0041878195479512215,0.0,26136.83984375
EleutherAI/pythia-70m,5,256,step256,70426624,6,8,92,3,3,0.001841201912611723,0.0,26136.83984375
EleutherAI/pythia-70m,5,256,step256,70426624,6,8,92,3,4,0.0047061629593372345,0.0,26136.83984375
EleutherAI/pythia-70m,5,256,step256,70426624,6,8,92,3,5,0.0036863056011497974,0.0,26136.83984375
EleutherAI/pythia-70m,5,256,step256,70426624,6,8,92,3,6,0.0027538640424609184,0.0,26136.83984375
EleutherAI/pythia-70m,5,256,step256,70426624,6,8,92,3,7,0.010182518512010574,0.0,26136.83984375
EleutherAI/pythia-70m,5,256,step256,70426624,6,8,92,4,0,0.002155817113816738,0.0,26136.83984375
EleutherAI/pythia-70m,5,256,step256,70426624,6,8,92,4,1,0.006913850083947182,0.0,26136.83984375
EleutherAI/pythia-70m,5,256,step256,70426624,6,8,92,4,2,0.008931498974561691,0.0,26136.83984375
EleutherAI/pythia-70m,5,256,step256,70426624,6,8,92,4,3,0.013909071683883667,0.0,26136.83984375
EleutherAI/pythia-70m,5,256,step256,70426624,6,8,92,4,4,0.01057520229369402,0.0,26136.83984375
EleutherAI/pythia-70m,5,256,step256,70426624,6,8,92,4,5,0.0037321802228689194,0.0,26136.83984375
EleutherAI/pythia-70m,5,256,step256,70426624,6,8,92,4,6,0.003797534154728055,0.0,26136.83984375
EleutherAI/pythia-70m,5,256,step256,70426624,6,8,92,4,7,0.006248527206480503,0.0,26136.83984375
EleutherAI/pythia-70m,5,256,step256,70426624,6,8,92,5,0,0.008327427320182323,0.0,26136.83984375
EleutherAI/pythia-70m,5,256,step256,70426624,6,8,92,5,1,0.005452671088278294,0.0,26136.83984375
EleutherAI/pythia-70m,5,256,step256,70426624,6,8,92,5,2,0.014748912304639816,0.0,26136.83984375
EleutherAI/pythia-70m,5,256,step256,70426624,6,8,92,5,3,0.004786765668541193,0.0,26136.83984375
EleutherAI/pythia-70m,5,256,step256,70426624,6,8,92,5,4,0.006089415401220322,0.0,26136.83984375
EleutherAI/pythia-70m,5,256,step256,70426624,6,8,92,5,5,0.007362406235188246,0.0,26136.83984375
EleutherAI/pythia-70m,5,256,step256,70426624,6,8,92,5,6,0.005228964611887932,0.0,26136.83984375
EleutherAI/pythia-70m,5,256,step256,70426624,6,8,92,5,7,0.0070610130205750465,0.0,26136.83984375
EleutherAI/pythia-70m,5,256,step256,70426624,6,8,93,0,0,0.013695993460714817,0.0,26053.01953125
EleutherAI/pythia-70m,5,256,step256,70426624,6,8,93,0,1,0.015967153012752533,0.0,26053.01953125
EleutherAI/pythia-70m,5,256,step256,70426624,6,8,93,0,2,0.014101555570960045,0.0,26053.01953125
EleutherAI/pythia-70m,5,256,step256,70426624,6,8,93,0,3,0.012354309670627117,0.0,26053.01953125
EleutherAI/pythia-70m,5,256,step256,70426624,6,8,93,0,4,0.013494117185473442,0.0,26053.01953125
EleutherAI/pythia-70m,5,256,step256,70426624,6,8,93,0,5,0.014408234506845474,0.0,26053.01953125
EleutherAI/pythia-70m,5,256,step256,70426624,6,8,93,0,6,0.012330648489296436,0.0,26053.01953125
EleutherAI/pythia-70m,5,256,step256,70426624,6,8,93,0,7,0.013938137330114841,0.0,26053.01953125
EleutherAI/pythia-70m,5,256,step256,70426624,6,8,93,1,0,0.00700083514675498,0.0,26053.01953125
EleutherAI/pythia-70m,5,256,step256,70426624,6,8,93,1,1,0.009120490401983261,0.0,26053.01953125
EleutherAI/pythia-70m,5,256,step256,70426624,6,8,93,1,2,0.011103665456175804,0.0,26053.01953125
EleutherAI/pythia-70m,5,256,step256,70426624,6,8,93,1,3,0.011381660588085651,0.0,26053.01953125
EleutherAI/pythia-70m,5,256,step256,70426624,6,8,93,1,4,0.008811977691948414,0.0,26053.01953125
EleutherAI/pythia-70m,5,256,step256,70426624,6,8,93,1,5,0.0073115467093884945,0.0,26053.01953125
EleutherAI/pythia-70m,5,256,step256,70426624,6,8,93,1,6,0.009919228963553905,0.0,26053.01953125
EleutherAI/pythia-70m,5,256,step256,70426624,6,8,93,1,7,0.010311692021787167,0.0,26053.01953125
EleutherAI/pythia-70m,5,256,step256,70426624,6,8,93,2,0,0.007374720647931099,0.0,26053.01953125
EleutherAI/pythia-70m,5,256,step256,70426624,6,8,93,2,1,0.007993098348379135,0.0,26053.01953125
EleutherAI/pythia-70m,5,256,step256,70426624,6,8,93,2,2,0.0038623118307441473,0.0,26053.01953125
EleutherAI/pythia-70m,5,256,step256,70426624,6,8,93,2,3,0.006520843133330345,0.0,26053.01953125
EleutherAI/pythia-70m,5,256,step256,70426624,6,8,93,2,4,0.009989692829549313,0.0,26053.01953125
EleutherAI/pythia-70m,5,256,step256,70426624,6,8,93,2,5,0.0037990910932421684,0.0,26053.01953125
EleutherAI/pythia-70m,5,256,step256,70426624,6,8,93,2,6,0.0037710017058998346,0.0,26053.01953125
EleutherAI/pythia-70m,5,256,step256,70426624,6,8,93,2,7,0.007166146766394377,0.0,26053.01953125
EleutherAI/pythia-70m,5,256,step256,70426624,6,8,93,3,0,0.0034214556217193604,0.0,26053.01953125
EleutherAI/pythia-70m,5,256,step256,70426624,6,8,93,3,1,0.0031960532069206238,0.0,26053.01953125
EleutherAI/pythia-70m,5,256,step256,70426624,6,8,93,3,2,0.0034227133728563786,0.0,26053.01953125
EleutherAI/pythia-70m,5,256,step256,70426624,6,8,93,3,3,0.0015979345189407468,0.0,26053.01953125
EleutherAI/pythia-70m,5,256,step256,70426624,6,8,93,3,4,0.005099771078675985,0.0,26053.01953125
EleutherAI/pythia-70m,5,256,step256,70426624,6,8,93,3,5,0.0030161209870129824,0.0,26053.01953125
EleutherAI/pythia-70m,5,256,step256,70426624,6,8,93,3,6,0.0016217936063185334,0.0,26053.01953125
EleutherAI/pythia-70m,5,256,step256,70426624,6,8,93,3,7,0.006178742740303278,0.0,26053.01953125
EleutherAI/pythia-70m,5,256,step256,70426624,6,8,93,4,0,0.0037011336535215378,0.0,26053.01953125
EleutherAI/pythia-70m,5,256,step256,70426624,6,8,93,4,1,0.00527972774580121,0.0,26053.01953125
EleutherAI/pythia-70m,5,256,step256,70426624,6,8,93,4,2,0.007754351478070021,0.0,26053.01953125
EleutherAI/pythia-70m,5,256,step256,70426624,6,8,93,4,3,0.013785149902105331,0.0,26053.01953125
EleutherAI/pythia-70m,5,256,step256,70426624,6,8,93,4,4,0.008545649237930775,0.0,26053.01953125
EleutherAI/pythia-70m,5,256,step256,70426624,6,8,93,4,5,0.00320752733387053,0.0,26053.01953125
EleutherAI/pythia-70m,5,256,step256,70426624,6,8,93,4,6,0.0028992376755923033,0.0,26053.01953125
EleutherAI/pythia-70m,5,256,step256,70426624,6,8,93,4,7,0.00521758571267128,0.0,26053.01953125
EleutherAI/pythia-70m,5,256,step256,70426624,6,8,93,5,0,0.00920090638101101,0.0,26053.01953125
EleutherAI/pythia-70m,5,256,step256,70426624,6,8,93,5,1,0.006623262073844671,0.0,26053.01953125
EleutherAI/pythia-70m,5,256,step256,70426624,6,8,93,5,2,0.012045089155435562,0.0,26053.01953125
EleutherAI/pythia-70m,5,256,step256,70426624,6,8,93,5,3,0.0026013124734163284,0.0,26053.01953125
EleutherAI/pythia-70m,5,256,step256,70426624,6,8,93,5,4,0.010013549588620663,0.0,26053.01953125
EleutherAI/pythia-70m,5,256,step256,70426624,6,8,93,5,5,0.006903158035129309,0.0,26053.01953125
EleutherAI/pythia-70m,5,256,step256,70426624,6,8,93,5,6,0.005794038996100426,0.0,26053.01953125
EleutherAI/pythia-70m,5,256,step256,70426624,6,8,93,5,7,0.004885695409029722,0.0,26053.01953125
EleutherAI/pythia-70m,5,256,step256,70426624,6,8,94,0,0,0.013308137655258179,0.0,24004.359375
EleutherAI/pythia-70m,5,256,step256,70426624,6,8,94,0,1,0.014225420542061329,0.0,24004.359375
EleutherAI/pythia-70m,5,256,step256,70426624,6,8,94,0,2,0.01417001523077488,0.0,24004.359375
EleutherAI/pythia-70m,5,256,step256,70426624,6,8,94,0,3,0.015034487470984459,0.0,24004.359375
EleutherAI/pythia-70m,5,256,step256,70426624,6,8,94,0,4,0.013880124315619469,0.0,24004.359375
EleutherAI/pythia-70m,5,256,step256,70426624,6,8,94,0,5,0.014595947228372097,0.0,24004.359375
EleutherAI/pythia-70m,5,256,step256,70426624,6,8,94,0,6,0.013353953137993813,0.0,24004.359375
EleutherAI/pythia-70m,5,256,step256,70426624,6,8,94,0,7,0.013325965031981468,0.0,24004.359375
EleutherAI/pythia-70m,5,256,step256,70426624,6,8,94,1,0,0.00798655766993761,0.0,24004.359375
EleutherAI/pythia-70m,5,256,step256,70426624,6,8,94,1,1,0.00982088316231966,0.0,24004.359375
EleutherAI/pythia-70m,5,256,step256,70426624,6,8,94,1,2,0.009766016155481339,0.0,24004.359375
EleutherAI/pythia-70m,5,256,step256,70426624,6,8,94,1,3,0.012533226050436497,0.0,24004.359375
EleutherAI/pythia-70m,5,256,step256,70426624,6,8,94,1,4,0.010257801972329617,0.0,24004.359375
EleutherAI/pythia-70m,5,256,step256,70426624,6,8,94,1,5,0.008516645058989525,0.0,24004.359375
EleutherAI/pythia-70m,5,256,step256,70426624,6,8,94,1,6,0.010489310137927532,0.0,24004.359375
EleutherAI/pythia-70m,5,256,step256,70426624,6,8,94,1,7,0.011567831039428711,0.0,24004.359375
EleutherAI/pythia-70m,5,256,step256,70426624,6,8,94,2,0,0.005372883286327124,0.0,24004.359375
EleutherAI/pythia-70m,5,256,step256,70426624,6,8,94,2,1,0.006835157051682472,0.0,24004.359375
EleutherAI/pythia-70m,5,256,step256,70426624,6,8,94,2,2,0.005050135776400566,0.0,24004.359375
EleutherAI/pythia-70m,5,256,step256,70426624,6,8,94,2,3,0.00776109891012311,0.0,24004.359375
EleutherAI/pythia-70m,5,256,step256,70426624,6,8,94,2,4,0.008168377913534641,0.0,24004.359375
EleutherAI/pythia-70m,5,256,step256,70426624,6,8,94,2,5,0.005399359855800867,0.0,24004.359375
EleutherAI/pythia-70m,5,256,step256,70426624,6,8,94,2,6,0.006669292226433754,0.0,24004.359375
EleutherAI/pythia-70m,5,256,step256,70426624,6,8,94,2,7,0.008486799895763397,0.0,24004.359375
EleutherAI/pythia-70m,5,256,step256,70426624,6,8,94,3,0,0.004819612950086594,0.0,24004.359375
EleutherAI/pythia-70m,5,256,step256,70426624,6,8,94,3,1,0.0032300043385475874,0.0,24004.359375
EleutherAI/pythia-70m,5,256,step256,70426624,6,8,94,3,2,0.004138892982155085,0.0,24004.359375
EleutherAI/pythia-70m,5,256,step256,70426624,6,8,94,3,3,0.0013907611137256026,0.0,24004.359375
EleutherAI/pythia-70m,5,256,step256,70426624,6,8,94,3,4,0.014185887761414051,0.0,24004.359375
EleutherAI/pythia-70m,5,256,step256,70426624,6,8,94,3,5,0.0029595419764518738,0.0,24004.359375
EleutherAI/pythia-70m,5,256,step256,70426624,6,8,94,3,6,0.0024193970020860434,0.0,24004.359375
EleutherAI/pythia-70m,5,256,step256,70426624,6,8,94,3,7,0.01279717218130827,0.0,24004.359375
EleutherAI/pythia-70m,5,256,step256,70426624,6,8,94,4,0,0.0031736481469124556,0.0,24004.359375
EleutherAI/pythia-70m,5,256,step256,70426624,6,8,94,4,1,0.0033322370145469904,0.0,24004.359375
EleutherAI/pythia-70m,5,256,step256,70426624,6,8,94,4,2,0.009325115941464901,0.0,24004.359375
EleutherAI/pythia-70m,5,256,step256,70426624,6,8,94,4,3,0.012152113951742649,0.0,24004.359375
EleutherAI/pythia-70m,5,256,step256,70426624,6,8,94,4,4,0.010227661579847336,0.0,24004.359375
EleutherAI/pythia-70m,5,256,step256,70426624,6,8,94,4,5,0.004621712490916252,0.0,24004.359375
EleutherAI/pythia-70m,5,256,step256,70426624,6,8,94,4,6,0.002971263602375984,0.0,24004.359375
EleutherAI/pythia-70m,5,256,step256,70426624,6,8,94,4,7,0.005975925829261541,0.0,24004.359375
EleutherAI/pythia-70m,5,256,step256,70426624,6,8,94,5,0,0.008430766873061657,0.0,24004.359375
EleutherAI/pythia-70m,5,256,step256,70426624,6,8,94,5,1,0.007638267707079649,0.0,24004.359375
EleutherAI/pythia-70m,5,256,step256,70426624,6,8,94,5,2,0.011084257625043392,0.0,24004.359375
EleutherAI/pythia-70m,5,256,step256,70426624,6,8,94,5,3,0.0038356324657797813,0.0,24004.359375
EleutherAI/pythia-70m,5,256,step256,70426624,6,8,94,5,4,0.010153732262551785,0.0,24004.359375
EleutherAI/pythia-70m,5,256,step256,70426624,6,8,94,5,5,0.005232962314039469,0.0,24004.359375
EleutherAI/pythia-70m,5,256,step256,70426624,6,8,94,5,6,0.00799972377717495,0.0,24004.359375
EleutherAI/pythia-70m,5,256,step256,70426624,6,8,94,5,7,0.004916470497846603,0.0,24004.359375
EleutherAI/pythia-70m,5,256,step256,70426624,6,8,95,0,0,0.012927650474011898,0.0,25968.6796875
EleutherAI/pythia-70m,5,256,step256,70426624,6,8,95,0,1,0.014190196990966797,0.0,25968.6796875
EleutherAI/pythia-70m,5,256,step256,70426624,6,8,95,0,2,0.014596906490623951,0.0,25968.6796875
EleutherAI/pythia-70m,5,256,step256,70426624,6,8,95,0,3,0.013323244638741016,0.0,25968.6796875
EleutherAI/pythia-70m,5,256,step256,70426624,6,8,95,0,4,0.013421802781522274,0.0,25968.6796875
EleutherAI/pythia-70m,5,256,step256,70426624,6,8,95,0,5,0.012733004055917263,0.0,25968.6796875
EleutherAI/pythia-70m,5,256,step256,70426624,6,8,95,0,6,0.013070803135633469,0.0,25968.6796875
EleutherAI/pythia-70m,5,256,step256,70426624,6,8,95,0,7,0.014931317418813705,0.0,25968.6796875
EleutherAI/pythia-70m,5,256,step256,70426624,6,8,95,1,0,0.008007144555449486,0.0,25968.6796875
EleutherAI/pythia-70m,5,256,step256,70426624,6,8,95,1,1,0.009877513162791729,0.0,25968.6796875
EleutherAI/pythia-70m,5,256,step256,70426624,6,8,95,1,2,0.010562504641711712,0.0,25968.6796875
EleutherAI/pythia-70m,5,256,step256,70426624,6,8,95,1,3,0.012437508441507816,0.0,25968.6796875
EleutherAI/pythia-70m,5,256,step256,70426624,6,8,95,1,4,0.010593509301543236,0.0,25968.6796875
EleutherAI/pythia-70m,5,256,step256,70426624,6,8,95,1,5,0.006530018988996744,0.0,25968.6796875
EleutherAI/pythia-70m,5,256,step256,70426624,6,8,95,1,6,0.011347860097885132,0.0,25968.6796875
EleutherAI/pythia-70m,5,256,step256,70426624,6,8,95,1,7,0.010649707168340683,0.0,25968.6796875
EleutherAI/pythia-70m,5,256,step256,70426624,6,8,95,2,0,0.005749574862420559,0.0,25968.6796875
EleutherAI/pythia-70m,5,256,step256,70426624,6,8,95,2,1,0.008747180923819542,0.0,25968.6796875
EleutherAI/pythia-70m,5,256,step256,70426624,6,8,95,2,2,0.0028659659437835217,0.0,25968.6796875
EleutherAI/pythia-70m,5,256,step256,70426624,6,8,95,2,3,0.007653171196579933,0.0,25968.6796875
EleutherAI/pythia-70m,5,256,step256,70426624,6,8,95,2,4,0.01244618184864521,0.0,25968.6796875
EleutherAI/pythia-70m,5,256,step256,70426624,6,8,95,2,5,0.005163991823792458,0.0,25968.6796875
EleutherAI/pythia-70m,5,256,step256,70426624,6,8,95,2,6,0.00485128303989768,0.0,25968.6796875
EleutherAI/pythia-70m,5,256,step256,70426624,6,8,95,2,7,0.006898186635226011,0.0,25968.6796875
EleutherAI/pythia-70m,5,256,step256,70426624,6,8,95,3,0,0.002484087599441409,0.0,25968.6796875
EleutherAI/pythia-70m,5,256,step256,70426624,6,8,95,3,1,0.004021300934255123,0.0,25968.6796875
EleutherAI/pythia-70m,5,256,step256,70426624,6,8,95,3,2,0.0035878587514162064,0.0,25968.6796875
EleutherAI/pythia-70m,5,256,step256,70426624,6,8,95,3,3,0.002207217738032341,0.0,25968.6796875
EleutherAI/pythia-70m,5,256,step256,70426624,6,8,95,3,4,0.010222932323813438,0.0,25968.6796875
EleutherAI/pythia-70m,5,256,step256,70426624,6,8,95,3,5,0.003525742329657078,0.0,25968.6796875
EleutherAI/pythia-70m,5,256,step256,70426624,6,8,95,3,6,0.0028830936644226313,0.0,25968.6796875
EleutherAI/pythia-70m,5,256,step256,70426624,6,8,95,3,7,0.010665479116141796,0.0,25968.6796875
EleutherAI/pythia-70m,5,256,step256,70426624,6,8,95,4,0,0.0017406573751941323,0.0,25968.6796875
EleutherAI/pythia-70m,5,256,step256,70426624,6,8,95,4,1,0.006082938984036446,0.0,25968.6796875
EleutherAI/pythia-70m,5,256,step256,70426624,6,8,95,4,2,0.008078656159341335,0.0,25968.6796875
EleutherAI/pythia-70m,5,256,step256,70426624,6,8,95,4,3,0.013425144366919994,0.0,25968.6796875
EleutherAI/pythia-70m,5,256,step256,70426624,6,8,95,4,4,0.007869119755923748,0.0,25968.6796875
EleutherAI/pythia-70m,5,256,step256,70426624,6,8,95,4,5,0.003315808717161417,0.0,25968.6796875
EleutherAI/pythia-70m,5,256,step256,70426624,6,8,95,4,6,0.0031052494887262583,0.0,25968.6796875
EleutherAI/pythia-70m,5,256,step256,70426624,6,8,95,4,7,0.004222117830067873,0.0,25968.6796875
EleutherAI/pythia-70m,5,256,step256,70426624,6,8,95,5,0,0.0062703476287424564,0.0,25968.6796875
EleutherAI/pythia-70m,5,256,step256,70426624,6,8,95,5,1,0.0058623612858355045,0.0,25968.6796875
EleutherAI/pythia-70m,5,256,step256,70426624,6,8,95,5,2,0.014335560612380505,0.0,25968.6796875
EleutherAI/pythia-70m,5,256,step256,70426624,6,8,95,5,3,0.0018138977466151118,0.0,25968.6796875
EleutherAI/pythia-70m,5,256,step256,70426624,6,8,95,5,4,0.008468816056847572,0.0,25968.6796875
EleutherAI/pythia-70m,5,256,step256,70426624,6,8,95,5,5,0.0045524765737354755,0.0,25968.6796875
EleutherAI/pythia-70m,5,256,step256,70426624,6,8,95,5,6,0.006491244304925203,0.0,25968.6796875
EleutherAI/pythia-70m,5,256,step256,70426624,6,8,95,5,7,0.005075850524008274,0.0,25968.6796875
EleutherAI/pythia-70m,5,256,step256,70426624,6,8,96,0,0,0.012202083133161068,0.0,20978.359375
EleutherAI/pythia-70m,5,256,step256,70426624,6,8,96,0,1,0.014911627396941185,0.0,20978.359375
EleutherAI/pythia-70m,5,256,step256,70426624,6,8,96,0,2,0.0137827442958951,0.0,20978.359375
EleutherAI/pythia-70m,5,256,step256,70426624,6,8,96,0,3,0.014254843816161156,0.0,20978.359375
EleutherAI/pythia-70m,5,256,step256,70426624,6,8,96,0,4,0.013874622993171215,0.0,20978.359375
EleutherAI/pythia-70m,5,256,step256,70426624,6,8,96,0,5,0.013900451362133026,0.0,20978.359375
EleutherAI/pythia-70m,5,256,step256,70426624,6,8,96,0,6,0.013449561782181263,0.0,20978.359375
EleutherAI/pythia-70m,5,256,step256,70426624,6,8,96,0,7,0.013222676701843739,0.0,20978.359375
EleutherAI/pythia-70m,5,256,step256,70426624,6,8,96,1,0,0.006502198055386543,0.0,20978.359375
EleutherAI/pythia-70m,5,256,step256,70426624,6,8,96,1,1,0.008479111827909946,0.0,20978.359375
EleutherAI/pythia-70m,5,256,step256,70426624,6,8,96,1,2,0.010081884451210499,0.0,20978.359375
EleutherAI/pythia-70m,5,256,step256,70426624,6,8,96,1,3,0.011693712323904037,0.0,20978.359375
EleutherAI/pythia-70m,5,256,step256,70426624,6,8,96,1,4,0.010375071316957474,0.0,20978.359375
EleutherAI/pythia-70m,5,256,step256,70426624,6,8,96,1,5,0.00895241554826498,0.0,20978.359375
EleutherAI/pythia-70m,5,256,step256,70426624,6,8,96,1,6,0.010495269671082497,0.0,20978.359375
EleutherAI/pythia-70m,5,256,step256,70426624,6,8,96,1,7,0.013081350363790989,0.0,20978.359375
EleutherAI/pythia-70m,5,256,step256,70426624,6,8,96,2,0,0.006058530416339636,0.0,20978.359375
EleutherAI/pythia-70m,5,256,step256,70426624,6,8,96,2,1,0.009622391313314438,0.0,20978.359375
EleutherAI/pythia-70m,5,256,step256,70426624,6,8,96,2,2,0.003009383101016283,0.0,20978.359375
EleutherAI/pythia-70m,5,256,step256,70426624,6,8,96,2,3,0.007896468043327332,0.0,20978.359375
EleutherAI/pythia-70m,5,256,step256,70426624,6,8,96,2,4,0.012068194337189198,0.0,20978.359375
EleutherAI/pythia-70m,5,256,step256,70426624,6,8,96,2,5,0.009389969520270824,0.0,20978.359375
EleutherAI/pythia-70m,5,256,step256,70426624,6,8,96,2,6,0.00824259128421545,0.0,20978.359375
EleutherAI/pythia-70m,5,256,step256,70426624,6,8,96,2,7,0.006407969631254673,0.0,20978.359375
EleutherAI/pythia-70m,5,256,step256,70426624,6,8,96,3,0,0.003175638383254409,0.0,20978.359375
EleutherAI/pythia-70m,5,256,step256,70426624,6,8,96,3,1,0.004189454484730959,0.0,20978.359375
EleutherAI/pythia-70m,5,256,step256,70426624,6,8,96,3,2,0.005562487989664078,0.0,20978.359375
EleutherAI/pythia-70m,5,256,step256,70426624,6,8,96,3,3,0.0025234862696379423,0.0,20978.359375
EleutherAI/pythia-70m,5,256,step256,70426624,6,8,96,3,4,0.005402777809649706,0.0,20978.359375
EleutherAI/pythia-70m,5,256,step256,70426624,6,8,96,3,5,0.0035942590329796076,0.0,20978.359375
EleutherAI/pythia-70m,5,256,step256,70426624,6,8,96,3,6,0.002901639323681593,0.0,20978.359375
EleutherAI/pythia-70m,5,256,step256,70426624,6,8,96,3,7,0.009246814996004105,0.0,20978.359375
EleutherAI/pythia-70m,5,256,step256,70426624,6,8,96,4,0,0.0019009807147085667,0.0,20978.359375
EleutherAI/pythia-70m,5,256,step256,70426624,6,8,96,4,1,0.004156261216849089,0.0,20978.359375
EleutherAI/pythia-70m,5,256,step256,70426624,6,8,96,4,2,0.006907409057021141,0.0,20978.359375
EleutherAI/pythia-70m,5,256,step256,70426624,6,8,96,4,3,0.014163988642394543,0.0,20978.359375
EleutherAI/pythia-70m,5,256,step256,70426624,6,8,96,4,4,0.010820835828781128,0.0,20978.359375
EleutherAI/pythia-70m,5,256,step256,70426624,6,8,96,4,5,0.005907431244850159,0.0,20978.359375
EleutherAI/pythia-70m,5,256,step256,70426624,6,8,96,4,6,0.004443860147148371,0.0,20978.359375
EleutherAI/pythia-70m,5,256,step256,70426624,6,8,96,4,7,0.004829694051295519,0.0,20978.359375
EleutherAI/pythia-70m,5,256,step256,70426624,6,8,96,5,0,0.005809034686535597,0.0,20978.359375
EleutherAI/pythia-70m,5,256,step256,70426624,6,8,96,5,1,0.00672427611425519,0.0,20978.359375
EleutherAI/pythia-70m,5,256,step256,70426624,6,8,96,5,2,0.01080507505685091,0.0,20978.359375
EleutherAI/pythia-70m,5,256,step256,70426624,6,8,96,5,3,0.0037951436825096607,0.0,20978.359375
EleutherAI/pythia-70m,5,256,step256,70426624,6,8,96,5,4,0.007029986009001732,0.0,20978.359375
EleutherAI/pythia-70m,5,256,step256,70426624,6,8,96,5,5,0.004073380026966333,0.0,20978.359375
EleutherAI/pythia-70m,5,256,step256,70426624,6,8,96,5,6,0.008024126291275024,0.0,20978.359375
EleutherAI/pythia-70m,5,256,step256,70426624,6,8,96,5,7,0.006506634876132011,0.0,20978.359375
EleutherAI/pythia-70m,5,256,step256,70426624,6,8,97,0,0,0.013377866707742214,0.0,25286.779296875
EleutherAI/pythia-70m,5,256,step256,70426624,6,8,97,0,1,0.013342762365937233,0.0,25286.779296875
EleutherAI/pythia-70m,5,256,step256,70426624,6,8,97,0,2,0.013206740841269493,0.0,25286.779296875
EleutherAI/pythia-70m,5,256,step256,70426624,6,8,97,0,3,0.0141694201156497,0.0,25286.779296875
EleutherAI/pythia-70m,5,256,step256,70426624,6,8,97,0,4,0.01298470702022314,0.0,25286.779296875
EleutherAI/pythia-70m,5,256,step256,70426624,6,8,97,0,5,0.013012542389333248,0.0,25286.779296875
EleutherAI/pythia-70m,5,256,step256,70426624,6,8,97,0,6,0.014126422815024853,0.0,25286.779296875
EleutherAI/pythia-70m,5,256,step256,70426624,6,8,97,0,7,0.015117654576897621,0.0,25286.779296875
EleutherAI/pythia-70m,5,256,step256,70426624,6,8,97,1,0,0.007723396643996239,0.0,25286.779296875
EleutherAI/pythia-70m,5,256,step256,70426624,6,8,97,1,1,0.009399858303368092,0.0,25286.779296875
EleutherAI/pythia-70m,5,256,step256,70426624,6,8,97,1,2,0.010386358946561813,0.0,25286.779296875
EleutherAI/pythia-70m,5,256,step256,70426624,6,8,97,1,3,0.010999390855431557,0.0,25286.779296875
EleutherAI/pythia-70m,5,256,step256,70426624,6,8,97,1,4,0.009062420576810837,0.0,25286.779296875
EleutherAI/pythia-70m,5,256,step256,70426624,6,8,97,1,5,0.00763931218534708,0.0,25286.779296875
EleutherAI/pythia-70m,5,256,step256,70426624,6,8,97,1,6,0.009971430525183678,0.0,25286.779296875
EleutherAI/pythia-70m,5,256,step256,70426624,6,8,97,1,7,0.010480273514986038,0.0,25286.779296875
EleutherAI/pythia-70m,5,256,step256,70426624,6,8,97,2,0,0.0051380787044763565,0.0,25286.779296875
EleutherAI/pythia-70m,5,256,step256,70426624,6,8,97,2,1,0.00773988850414753,0.0,25286.779296875
EleutherAI/pythia-70m,5,256,step256,70426624,6,8,97,2,2,0.0028072039131075144,0.0,25286.779296875
EleutherAI/pythia-70m,5,256,step256,70426624,6,8,97,2,3,0.004731414373964071,0.0,25286.779296875
EleutherAI/pythia-70m,5,256,step256,70426624,6,8,97,2,4,0.00951452273875475,0.0,25286.779296875
EleutherAI/pythia-70m,5,256,step256,70426624,6,8,97,2,5,0.004621937870979309,0.0,25286.779296875
EleutherAI/pythia-70m,5,256,step256,70426624,6,8,97,2,6,0.0052699982188642025,0.0,25286.779296875
EleutherAI/pythia-70m,5,256,step256,70426624,6,8,97,2,7,0.006297467742115259,0.0,25286.779296875
EleutherAI/pythia-70m,5,256,step256,70426624,6,8,97,3,0,0.0029457020573318005,0.0,25286.779296875
EleutherAI/pythia-70m,5,256,step256,70426624,6,8,97,3,1,0.0034338440746068954,0.0,25286.779296875
EleutherAI/pythia-70m,5,256,step256,70426624,6,8,97,3,2,0.007979725487530231,0.0,25286.779296875
EleutherAI/pythia-70m,5,256,step256,70426624,6,8,97,3,3,0.0015457740519195795,0.0,25286.779296875
EleutherAI/pythia-70m,5,256,step256,70426624,6,8,97,3,4,0.006615119520574808,0.0,25286.779296875
EleutherAI/pythia-70m,5,256,step256,70426624,6,8,97,3,5,0.002855160739272833,0.0,25286.779296875
EleutherAI/pythia-70m,5,256,step256,70426624,6,8,97,3,6,0.002344495616853237,0.0,25286.779296875
EleutherAI/pythia-70m,5,256,step256,70426624,6,8,97,3,7,0.006054377183318138,0.0,25286.779296875
EleutherAI/pythia-70m,5,256,step256,70426624,6,8,97,4,0,0.0013493889709934592,0.0,25286.779296875
EleutherAI/pythia-70m,5,256,step256,70426624,6,8,97,4,1,0.0036520115099847317,0.0,25286.779296875
EleutherAI/pythia-70m,5,256,step256,70426624,6,8,97,4,2,0.006636946927756071,0.0,25286.779296875
EleutherAI/pythia-70m,5,256,step256,70426624,6,8,97,4,3,0.013827932998538017,0.0,25286.779296875
EleutherAI/pythia-70m,5,256,step256,70426624,6,8,97,4,4,0.008887954987585545,0.0,25286.779296875
EleutherAI/pythia-70m,5,256,step256,70426624,6,8,97,4,5,0.0029467688873410225,0.0,25286.779296875
EleutherAI/pythia-70m,5,256,step256,70426624,6,8,97,4,6,0.002956798067316413,0.0,25286.779296875
EleutherAI/pythia-70m,5,256,step256,70426624,6,8,97,4,7,0.006448092870414257,0.0,25286.779296875
EleutherAI/pythia-70m,5,256,step256,70426624,6,8,97,5,0,0.007708817720413208,0.0,25286.779296875
EleutherAI/pythia-70m,5,256,step256,70426624,6,8,97,5,1,0.005206514615565538,0.0,25286.779296875
EleutherAI/pythia-70m,5,256,step256,70426624,6,8,97,5,2,0.010810783132910728,0.0,25286.779296875
EleutherAI/pythia-70m,5,256,step256,70426624,6,8,97,5,3,0.0026578789111226797,0.0,25286.779296875
EleutherAI/pythia-70m,5,256,step256,70426624,6,8,97,5,4,0.006141681224107742,0.0,25286.779296875
EleutherAI/pythia-70m,5,256,step256,70426624,6,8,97,5,5,0.005659202113747597,0.0,25286.779296875
EleutherAI/pythia-70m,5,256,step256,70426624,6,8,97,5,6,0.0076309265568852425,0.0,25286.779296875
EleutherAI/pythia-70m,5,256,step256,70426624,6,8,97,5,7,0.005473381839692593,0.0,25286.779296875
EleutherAI/pythia-70m,5,256,step256,70426624,6,8,98,0,0,0.014448153786361217,0.019999999552965164,23622.380859375
EleutherAI/pythia-70m,5,256,step256,70426624,6,8,98,0,1,0.012378107756376266,0.019999999552965164,23622.380859375
EleutherAI/pythia-70m,5,256,step256,70426624,6,8,98,0,2,0.013607111759483814,0.019999999552965164,23622.380859375
EleutherAI/pythia-70m,5,256,step256,70426624,6,8,98,0,3,0.012984540313482285,0.019999999552965164,23622.380859375
EleutherAI/pythia-70m,5,256,step256,70426624,6,8,98,0,4,0.012633707374334335,0.019999999552965164,23622.380859375
EleutherAI/pythia-70m,5,256,step256,70426624,6,8,98,0,5,0.013579337857663631,0.019999999552965164,23622.380859375
EleutherAI/pythia-70m,5,256,step256,70426624,6,8,98,0,6,0.013695614412426949,0.019999999552965164,23622.380859375
EleutherAI/pythia-70m,5,256,step256,70426624,6,8,98,0,7,0.01452693808823824,0.019999999552965164,23622.380859375
EleutherAI/pythia-70m,5,256,step256,70426624,6,8,98,1,0,0.007902306504547596,0.019999999552965164,23622.380859375
EleutherAI/pythia-70m,5,256,step256,70426624,6,8,98,1,1,0.009458668529987335,0.019999999552965164,23622.380859375
EleutherAI/pythia-70m,5,256,step256,70426624,6,8,98,1,2,0.011681833304464817,0.019999999552965164,23622.380859375
EleutherAI/pythia-70m,5,256,step256,70426624,6,8,98,1,3,0.010657654143869877,0.019999999552965164,23622.380859375
EleutherAI/pythia-70m,5,256,step256,70426624,6,8,98,1,4,0.010068152099847794,0.019999999552965164,23622.380859375
EleutherAI/pythia-70m,5,256,step256,70426624,6,8,98,1,5,0.007820787839591503,0.019999999552965164,23622.380859375
EleutherAI/pythia-70m,5,256,step256,70426624,6,8,98,1,6,0.010984620079398155,0.019999999552965164,23622.380859375
EleutherAI/pythia-70m,5,256,step256,70426624,6,8,98,1,7,0.011087357066571712,0.019999999552965164,23622.380859375
EleutherAI/pythia-70m,5,256,step256,70426624,6,8,98,2,0,0.00909342896193266,0.019999999552965164,23622.380859375
EleutherAI/pythia-70m,5,256,step256,70426624,6,8,98,2,1,0.006460129749029875,0.019999999552965164,23622.380859375
EleutherAI/pythia-70m,5,256,step256,70426624,6,8,98,2,2,0.004018694628030062,0.019999999552965164,23622.380859375
EleutherAI/pythia-70m,5,256,step256,70426624,6,8,98,2,3,0.008107959292829037,0.019999999552965164,23622.380859375
EleutherAI/pythia-70m,5,256,step256,70426624,6,8,98,2,4,0.012365942820906639,0.019999999552965164,23622.380859375
EleutherAI/pythia-70m,5,256,step256,70426624,6,8,98,2,5,0.00713055906817317,0.019999999552965164,23622.380859375
EleutherAI/pythia-70m,5,256,step256,70426624,6,8,98,2,6,0.003763507353141904,0.019999999552965164,23622.380859375
EleutherAI/pythia-70m,5,256,step256,70426624,6,8,98,2,7,0.008033577352762222,0.019999999552965164,23622.380859375
EleutherAI/pythia-70m,5,256,step256,70426624,6,8,98,3,0,0.0054548014886677265,0.019999999552965164,23622.380859375
EleutherAI/pythia-70m,5,256,step256,70426624,6,8,98,3,1,0.0030074971728026867,0.019999999552965164,23622.380859375
EleutherAI/pythia-70m,5,256,step256,70426624,6,8,98,3,2,0.004114266484975815,0.019999999552965164,23622.380859375
EleutherAI/pythia-70m,5,256,step256,70426624,6,8,98,3,3,0.0016411218093708158,0.019999999552965164,23622.380859375
EleutherAI/pythia-70m,5,256,step256,70426624,6,8,98,3,4,0.006720440462231636,0.019999999552965164,23622.380859375
EleutherAI/pythia-70m,5,256,step256,70426624,6,8,98,3,5,0.003592814551666379,0.019999999552965164,23622.380859375
EleutherAI/pythia-70m,5,256,step256,70426624,6,8,98,3,6,0.002286988077685237,0.019999999552965164,23622.380859375
EleutherAI/pythia-70m,5,256,step256,70426624,6,8,98,3,7,0.009463442489504814,0.019999999552965164,23622.380859375
EleutherAI/pythia-70m,5,256,step256,70426624,6,8,98,4,0,0.0034122667275369167,0.019999999552965164,23622.380859375
EleutherAI/pythia-70m,5,256,step256,70426624,6,8,98,4,1,0.00844869576394558,0.019999999552965164,23622.380859375
EleutherAI/pythia-70m,5,256,step256,70426624,6,8,98,4,2,0.0062986938282847404,0.019999999552965164,23622.380859375
EleutherAI/pythia-70m,5,256,step256,70426624,6,8,98,4,3,0.016454223543405533,0.019999999552965164,23622.380859375
EleutherAI/pythia-70m,5,256,step256,70426624,6,8,98,4,4,0.009894219227135181,0.019999999552965164,23622.380859375
EleutherAI/pythia-70m,5,256,step256,70426624,6,8,98,4,5,0.0071555208414793015,0.019999999552965164,23622.380859375
EleutherAI/pythia-70m,5,256,step256,70426624,6,8,98,4,6,0.0045960224233567715,0.019999999552965164,23622.380859375
EleutherAI/pythia-70m,5,256,step256,70426624,6,8,98,4,7,0.006763468962162733,0.019999999552965164,23622.380859375
EleutherAI/pythia-70m,5,256,step256,70426624,6,8,98,5,0,0.013399869203567505,0.019999999552965164,23622.380859375
EleutherAI/pythia-70m,5,256,step256,70426624,6,8,98,5,1,0.00613038893789053,0.019999999552965164,23622.380859375
EleutherAI/pythia-70m,5,256,step256,70426624,6,8,98,5,2,0.009598883800208569,0.019999999552965164,23622.380859375
EleutherAI/pythia-70m,5,256,step256,70426624,6,8,98,5,3,0.002015564823523164,0.019999999552965164,23622.380859375
EleutherAI/pythia-70m,5,256,step256,70426624,6,8,98,5,4,0.012165128253400326,0.019999999552965164,23622.380859375
EleutherAI/pythia-70m,5,256,step256,70426624,6,8,98,5,5,0.006167808081954718,0.019999999552965164,23622.380859375
EleutherAI/pythia-70m,5,256,step256,70426624,6,8,98,5,6,0.006012436933815479,0.019999999552965164,23622.380859375
EleutherAI/pythia-70m,5,256,step256,70426624,6,8,98,5,7,0.0031910045072436333,0.019999999552965164,23622.380859375
EleutherAI/pythia-70m,5,256,step256,70426624,6,8,99,0,0,0.012785041704773903,0.0,26093.419921875
EleutherAI/pythia-70m,5,256,step256,70426624,6,8,99,0,1,0.014173327945172787,0.0,26093.419921875
EleutherAI/pythia-70m,5,256,step256,70426624,6,8,99,0,2,0.012573754414916039,0.0,26093.419921875
EleutherAI/pythia-70m,5,256,step256,70426624,6,8,99,0,3,0.012635277584195137,0.0,26093.419921875
EleutherAI/pythia-70m,5,256,step256,70426624,6,8,99,0,4,0.014345717616379261,0.0,26093.419921875
EleutherAI/pythia-70m,5,256,step256,70426624,6,8,99,0,5,0.01226886548101902,0.0,26093.419921875
EleutherAI/pythia-70m,5,256,step256,70426624,6,8,99,0,6,0.015141100622713566,0.0,26093.419921875
EleutherAI/pythia-70m,5,256,step256,70426624,6,8,99,0,7,0.014779094606637955,0.0,26093.419921875
EleutherAI/pythia-70m,5,256,step256,70426624,6,8,99,1,0,0.007050258573144674,0.0,26093.419921875
EleutherAI/pythia-70m,5,256,step256,70426624,6,8,99,1,1,0.00916451495140791,0.0,26093.419921875
EleutherAI/pythia-70m,5,256,step256,70426624,6,8,99,1,2,0.012001747265458107,0.0,26093.419921875
EleutherAI/pythia-70m,5,256,step256,70426624,6,8,99,1,3,0.011633149348199368,0.0,26093.419921875
EleutherAI/pythia-70m,5,256,step256,70426624,6,8,99,1,4,0.010438119992613792,0.0,26093.419921875
EleutherAI/pythia-70m,5,256,step256,70426624,6,8,99,1,5,0.0076126097701489925,0.0,26093.419921875
EleutherAI/pythia-70m,5,256,step256,70426624,6,8,99,1,6,0.01055042166262865,0.0,26093.419921875
EleutherAI/pythia-70m,5,256,step256,70426624,6,8,99,1,7,0.01169627532362938,0.0,26093.419921875
EleutherAI/pythia-70m,5,256,step256,70426624,6,8,99,2,0,0.006528270896524191,0.0,26093.419921875
EleutherAI/pythia-70m,5,256,step256,70426624,6,8,99,2,1,0.005730111617594957,0.0,26093.419921875
EleutherAI/pythia-70m,5,256,step256,70426624,6,8,99,2,2,0.003388873301446438,0.0,26093.419921875
EleutherAI/pythia-70m,5,256,step256,70426624,6,8,99,2,3,0.0095423748716712,0.0,26093.419921875
EleutherAI/pythia-70m,5,256,step256,70426624,6,8,99,2,4,0.010308831930160522,0.0,26093.419921875
EleutherAI/pythia-70m,5,256,step256,70426624,6,8,99,2,5,0.005557904951274395,0.0,26093.419921875
EleutherAI/pythia-70m,5,256,step256,70426624,6,8,99,2,6,0.004445649217814207,0.0,26093.419921875
EleutherAI/pythia-70m,5,256,step256,70426624,6,8,99,2,7,0.009205985814332962,0.0,26093.419921875
EleutherAI/pythia-70m,5,256,step256,70426624,6,8,99,3,0,0.004470051731914282,0.0,26093.419921875
EleutherAI/pythia-70m,5,256,step256,70426624,6,8,99,3,1,0.0039926497265696526,0.0,26093.419921875
EleutherAI/pythia-70m,5,256,step256,70426624,6,8,99,3,2,0.007175189442932606,0.0,26093.419921875
EleutherAI/pythia-70m,5,256,step256,70426624,6,8,99,3,3,0.0028806112240999937,0.0,26093.419921875
EleutherAI/pythia-70m,5,256,step256,70426624,6,8,99,3,4,0.012304318137466908,0.0,26093.419921875
EleutherAI/pythia-70m,5,256,step256,70426624,6,8,99,3,5,0.004376125987619162,0.0,26093.419921875
EleutherAI/pythia-70m,5,256,step256,70426624,6,8,99,3,6,0.0034574561286717653,0.0,26093.419921875
EleutherAI/pythia-70m,5,256,step256,70426624,6,8,99,3,7,0.010032137855887413,0.0,26093.419921875
EleutherAI/pythia-70m,5,256,step256,70426624,6,8,99,4,0,0.0029741821344941854,0.0,26093.419921875
EleutherAI/pythia-70m,5,256,step256,70426624,6,8,99,4,1,0.009184065274894238,0.0,26093.419921875
EleutherAI/pythia-70m,5,256,step256,70426624,6,8,99,4,2,0.00788447167724371,0.0,26093.419921875
EleutherAI/pythia-70m,5,256,step256,70426624,6,8,99,4,3,0.015537280589342117,0.0,26093.419921875
EleutherAI/pythia-70m,5,256,step256,70426624,6,8,99,4,4,0.009854293428361416,0.0,26093.419921875
EleutherAI/pythia-70m,5,256,step256,70426624,6,8,99,4,5,0.006609171163290739,0.0,26093.419921875
EleutherAI/pythia-70m,5,256,step256,70426624,6,8,99,4,6,0.00605633994564414,0.0,26093.419921875
EleutherAI/pythia-70m,5,256,step256,70426624,6,8,99,4,7,0.0072956569492816925,0.0,26093.419921875
EleutherAI/pythia-70m,5,256,step256,70426624,6,8,99,5,0,0.012520670890808105,0.0,26093.419921875
EleutherAI/pythia-70m,5,256,step256,70426624,6,8,99,5,1,0.010164949111640453,0.0,26093.419921875
EleutherAI/pythia-70m,5,256,step256,70426624,6,8,99,5,2,0.013422751799225807,0.0,26093.419921875
EleutherAI/pythia-70m,5,256,step256,70426624,6,8,99,5,3,0.003970658872276545,0.0,26093.419921875
EleutherAI/pythia-70m,5,256,step256,70426624,6,8,99,5,4,0.008536217734217644,0.0,26093.419921875
EleutherAI/pythia-70m,5,256,step256,70426624,6,8,99,5,5,0.00746611412614584,0.0,26093.419921875
EleutherAI/pythia-70m,5,256,step256,70426624,6,8,99,5,6,0.008188668638467789,0.0,26093.419921875
EleutherAI/pythia-70m,5,256,step256,70426624,6,8,99,5,7,0.005448468960821629,0.0,26093.419921875
